0 : 0.001  0.0174648341
100 : 0.001  -30.3850899
200 : 0.001  -31.5725336
300 : 0.001  -31.7338151
400 : 0.001  -31.7936535
500 : 0.001  -31.8072661
600 : 0.001  -31.8198203
700 : 0.001  -31.8413109
800 : 0.001  -31.8616789
900 : 0.001  -31.8923748
1000 : 0.001  -31.9042435
1100 : 0.001  -31.9093222
1200 : 0.001  -31.9195476
1300 : 0.001  -31.9195476
1400 : 0.001  -31.9224163
1500 : 0.001  -31.9336909
1600 : 0.001  -31.9414499
1700 : 0.001  -31.9414499
1800 : 0.001  -31.9414499
1900 : 0.001  -31.9419943
2000 : 0.001  -31.9439648
2100 : 0.001  -31.9401085
2200 : 0.001  -31.9427075
2300 : 0.001  -31.9427075
2400 : 0.001  -31.9437294
2500 : 0.001  -31.9462491
2600 : 0.001  -31.9465952
2700 : 0.001  -31.9465952
2800 : 0.001  -31.9465952
2900 : 0.001  -31.9457631
3000 : 0.001  -31.9473022
3100 : 0.001  -31.9473022
3200 : 0.001  -31.9473022
3300 : 0.001  -31.9493129
3400 : 0.001  -31.9505816
3500 : 0.001  -31.9505816
3600 : 0.001  -31.9505816
3700 : 0.001  -31.9505816
3800 : 0.001  -31.9505816
3900 : 0.001  -31.9505816
4000 : 0.001  -31.9505816
4100 : 0.001  -31.9505816
4200 : 0.001  -31.9495047
4300 : 0.001  -31.9495047
4400 : 0.001  -31.9495047
4500 : 0.001  -31.948419
4600 : 0.001  -31.948419
4700 : 0.001  -31.9493785
4800 : 0.001  -31.9494605
4900 : 0.001  -31.9494605
5000 : 0.001  -31.9494605
5100 : 0.001  -31.9530661
5200 : 0.001  -31.9530661
5300 : 0.001  -31.9532913
5400 : 0.001  -31.9527629
5500 : 0.001  -31.954538
5600 : 0.001  -31.954538
5700 : 0.001  -31.9525606
5800 : 0.001  -31.9525606
5900 : 0.001  -31.9540719
6000 : 0.001  -31.9540719
6100 : 0.001  -31.9540719
6200 : 0.001  -31.9535153
6300 : 0.001  -31.9535153
6400 : 0.001  -31.9535153
6500 : 0.001  -31.9535153
6600 : 0.001  -31.9535153
6700 : 0.001  -31.9535153
6800 : 0.001  -31.9535153
6900 : 0.001  -31.9592828
7000 : 0.001  -31.9610195
7100 : 0.001  -31.9610195
7200 : 0.001  -31.9610195
7300 : 0.001  -31.9610195
7400 : 0.001  -31.9610195
7500 : 0.001  -31.9653252
7600 : 0.001  -31.9634807
7700 : 0.001  -31.9658463
7800 : 0.001  -31.9658463
7900 : 0.001  -31.9658463
8000 : 0.001  -31.9677726
8100 : 0.001  -31.9666425
8200 : 0.001  -31.9666425
8300 : 0.001  -31.96519
8400 : 0.001  -31.96519
8500 : 0.001  -31.96519
8600 : 0.001  -31.96519
8700 : 0.001  -31.96519
8800 : 0.001  -31.9624017
8900 : 0.001  -31.9624017
9000 : 0.001  -31.9669899
9100 : 0.001  -31.9669899
9200 : 0.001  -31.9669899
9300 : 0.001  -31.9669899
9400 : 0.001  -31.9669899
9500 : 0.001  -31.9669899
9600 : 0.001  -31.9669899
9700 : 0.001  -31.9669899
9800 : 0.001  -31.9669899
9900 : 0.001  -31.9669899
10000 : 0.001  -31.9669899
10100 : 0.001  -31.9679198
10200 : 0.001  -31.967396
10300 : 0.001  -31.967396
10400 : 0.001  -31.967396
10500 : 0.001  -31.9676778
10600 : 0.001  -31.9676778
10700 : 0.001  -31.9676778
10800 : 0.001  -31.9676778
10900 : 0.001  -31.9676778
11000 : 0.001  -31.9676778
11100 : 0.001  -31.9676778
11200 : 0.001  -31.968381
11300 : 0.001  -31.9690552
11400 : 0.001  -31.9690552
11500 : 0.001  -31.9690552
11600 : 0.001  -31.9690552
11700 : 0.001  -31.968275
11800 : 0.001  -31.968275
11900 : 0.001  -31.9654275
12000 : 0.001  -31.9654275
12100 : 0.001  -31.9654275
12200 : 0.001  -31.9654275
12300 : 0.001  -31.9638579
12400 : 0.001  -31.9638579
12500 : 0.001  -31.9638579
12600 : 0.001  -31.9638579
12700 : 0.001  -31.9638579
12800 : 0.001  -31.9638579
12900 : 0.001  -31.9632606
13000 : 0.001  -31.9632606
13100 : 0.001  -31.9632606
13200 : 0.001  -31.9664215
13300 : 0.001  -31.9644105
13400 : 0.001  -31.9644105
13500 : 0.001  -31.9642016
13600 : 0.001  -31.9642016
13700 : 0.001  -31.9635166
13800 : 0.001  -31.9635166
13900 : 0.001  -31.9635166
14000 : 0.001  -31.9635166
14100 : 0.001  -31.9635166
14200 : 0.001  -31.9635166
14300 : 0.001  -31.9654957
14400 : 0.001  -31.9654957
14500 : 0.001  -31.9654957
14600 : 0.001  -31.9670395
14700 : 0.001  -31.9670395
14800 : 0.001  -31.9689354
14900 : 0.001  -31.9689354
15000 : 0.001  -31.9689354
15100 : 0.001  -31.9689354
15200 : 0.001  -31.9689354
15300 : 0.001  -31.9707876
15400 : 0.001  -31.9731492
15500 : 0.001  -31.9731492
15600 : 0.001  -31.9731492
15700 : 0.001  -31.9731492
15800 : 0.001  -31.9731492
15900 : 0.001  -31.9731492
16000 : 0.001  -31.9731492
16100 : 0.001  -31.9731492
16200 : 0.001  -31.9742355
16300 : 0.001  -31.9745769
16400 : 0.001  -31.9745769
16500 : 0.001  -31.9745769
16600 : 0.001  -31.9745769
16700 : 0.001  -31.9767241
16800 : 0.001  -31.9767241
16900 : 0.001  -31.9767241
17000 : 0.001  -31.9767241
17100 : 0.001  -31.9767241
17200 : 0.001  -31.9767241
17300 : 0.001  -31.9767241
17400 : 0.001  -31.9767241
17500 : 0.001  -31.9767241
17600 : 0.001  -31.9767241
17700 : 0.001  -31.9767241
17800 : 0.001  -31.9767241
17900 : 0.001  -31.9767241
18000 : 0.001  -31.9767241
18100 : 0.001  -31.9749555
18200 : 0.001  -31.9749555
18300 : 0.001  -31.9730771
18400 : 0.001  -31.9738762
18500 : 0.001  -31.9738762
18600 : 0.001  -31.9738762
18700 : 0.001  -31.9761169
18800 : 0.001  -31.976157
18900 : 0.001  -31.976157
19000 : 0.001  -31.976157
19100 : 0.001  -31.976157
19200 : 0.001  -31.976157
19300 : 0.001  -31.976157
19400 : 0.001  -31.976157
19500 : 0.001  -31.976157
19600 : 0.001  -31.9792449
19700 : 0.001  -31.9792449
19800 : 0.001  -31.9792449
19900 : 0.001  -31.9792449
20000 : 0.001  -31.9792449
20100 : 0.001  -31.9792449
20200 : 0.001  -31.9792449
20300 : 0.001  -31.9792449
20400 : 0.001  -31.9792449
20500 : 0.001  -31.9792449
20600 : 0.001  -31.9792449
20700 : 0.001  -31.9792449
20800 : 0.001  -31.9792449
20900 : 0.001  -31.9792449
21000 : 0.001  -31.9792449
21100 : 0.001  -31.9792449
21200 : 0.001  -31.9801943
21300 : 0.001  -31.9770026
21400 : 0.001  -31.9776303
21500 : 0.001  -31.9776303
21600 : 0.001  -31.9771859
21700 : 0.001  -31.9771859
21800 : 0.001  -31.9771859
21900 : 0.001  -31.9771859
22000 : 0.001  -31.9771859
22100 : 0.001  -31.9771859
22200 : 0.001  -31.9781072
22300 : 0.001  -31.9781072
22400 : 0.001  -31.9781072
22500 : 0.001  -31.9781072
22600 : 0.001  -31.9781072
22700 : 0.001  -31.9781072
22800 : 0.001  -31.9781072
22900 : 0.001  -31.9802299
23000 : 0.001  -31.9802299
23100 : 0.001  -31.9785846
23200 : 0.001  -31.9785846
23300 : 0.001  -31.9785846
23400 : 0.001  -31.9785846
23500 : 0.001  -31.9785846
23600 : 0.001  -31.9799283
23700 : 0.001  -31.9799283
23800 : 0.001  -31.9799283
23900 : 0.001  -31.9799283
24000 : 0.001  -31.9805167
24100 : 0.001  -31.9805167
24200 : 0.001  -31.9794377
24300 : 0.001  -31.9794377
24400 : 0.001  -31.9794792
24500 : 0.001  -31.9765699
24600 : 0.001  -31.9765699
24700 : 0.001  -31.9765699
24800 : 0.001  -31.9764738
24900 : 0.001  -31.9764738
25000 : 0.001  -31.9764738
25100 : 0.001  -31.9764738
25200 : 0.001  -31.9758662
25300 : 0.001  -31.9758662
25400 : 0.001  -31.9758662
25500 : 0.001  -31.9758662
25600 : 0.001  -31.9758662
25700 : 0.001  -31.9759374
25800 : 0.001  -31.9759374
25900 : 0.001  -31.9759374
26000 : 0.001  -31.9759374
26100 : 0.001  -31.976382
26200 : 0.001  -31.976382
26300 : 0.001  -31.976382
26400 : 0.001  -31.976382
26500 : 0.001  -31.976382
26600 : 0.001  -31.9760381
26700 : 0.001  -31.9760381
26800 : 0.001  -31.9760381
26900 : 0.001  -31.9760381
27000 : 0.001  -31.9772847
27100 : 0.001  -31.9770767
27200 : 0.001  -31.9770767
27300 : 0.001  -31.9770767
27400 : 0.001  -31.9770767
27500 : 0.001  -31.9770767
27600 : 0.001  -31.9770767
27700 : 0.001  -31.9783467
27800 : 0.001  -31.9783467
27900 : 0.001  -31.9783467
28000 : 0.001  -31.9783467
28100 : 0.001  -31.9783467
28200 : 0.001  -31.9783467
28300 : 0.001  -31.9783467
28400 : 0.001  -31.9783467
28500 : 0.001  -31.9783467
28600 : 0.001  -31.9783467
28700 : 0.001  -31.9783467
28800 : 0.001  -31.9783467
28900 : 0.001  -31.9783467
29000 : 0.001  -31.9785618
29100 : 0.001  -31.9785618
29200 : 0.001  -31.9785618
29300 : 0.001  -31.9785618
29400 : 0.001  -31.9785618
29500 : 0.001  -31.9785618
29600 : 0.001  -31.9785618
29700 : 0.001  -31.9785618
29800 : 0.001  -31.9790269
29900 : 0.001  -31.9790269
30000 : 0.001  -31.9790269
30100 : 0.001  -31.9790269
30200 : 0.001  -31.9790269
30300 : 0.001  -31.9790269
30400 : 0.001  -31.9790269
30500 : 0.001  -31.9757593
30600 : 0.001  -31.9757593
30700 : 0.001  -31.9757593
30800 : 0.001  -31.9720673
30900 : 0.001  -31.9720673
31000 : 0.001  -31.9720673
31100 : 0.001  -31.9720673
31200 : 0.001  -31.9720673
31300 : 0.001  -31.9720673
31400 : 0.001  -31.9741346
31500 : 0.001  -31.9741346
31600 : 0.001  -31.9727077
31700 : 0.001  -31.9727077
31800 : 0.001  -31.9727077
31900 : 0.001  -31.9727077
32000 : 0.001  -31.9727077
32100 : 0.001  -31.9724016
32200 : 0.001  -31.9724016
32300 : 0.001  -31.9724016
32400 : 0.001  -31.9731153
32500 : 0.001  -31.9731153
32600 : 0.001  -31.9731153
32700 : 0.001  -31.9715634
32800 : 0.001  -31.9720247
32900 : 0.001  -31.9720247
33000 : 0.001  -31.9720247
33100 : 0.001  -31.9720247
33200 : 0.001  -31.9720247
33300 : 0.001  -31.9700249
33400 : 0.001  -31.9700249
33500 : 0.001  -31.9702843
33600 : 0.001  -31.9688982
33700 : 0.001  -31.9684711
33800 : 0.001  -31.9684711
33900 : 0.001  -31.9684711
34000 : 0.001  -31.9704548
34100 : 0.001  -31.9704548
34200 : 0.001  -31.9704548
34300 : 0.001  -31.9704548
34400 : 0.001  -31.9704548
34500 : 0.001  -31.9704548
34600 : 0.001  -31.9704548
34700 : 0.001  -31.9718812
34800 : 0.001  -31.9718812
34900 : 0.001  -31.9718812
35000 : 0.001  -31.9718812
35100 : 0.001  -31.9718812
35200 : 0.001  -31.9718812
35300 : 0.001  -31.9742091
35400 : 0.001  -31.9705313
35500 : 0.001  -31.9723801
35600 : 0.001  -31.9703559
35700 : 0.001  -31.9703559
35800 : 0.001  -31.9703559
35900 : 0.001  -31.9703559
36000 : 0.001  -31.9703559
36100 : 0.001  -31.9692424
36200 : 0.001  -31.9713833
36300 : 0.001  -31.9713833
36400 : 0.001  -31.9713833
36500 : 0.001  -31.9713833
36600 : 0.001  -31.9713833
36700 : 0.001  -31.9713833
36800 : 0.001  -31.9713833
36900 : 0.001  -31.9735355
37000 : 0.001  -31.9735355
37100 : 0.001  -31.9735355
37200 : 0.001  -31.9735355
37300 : 0.001  -31.9735355
37400 : 0.001  -31.9735355
37500 : 0.001  -31.9735355
37600 : 0.001  -31.9735355
37700 : 0.001  -31.9745316
37800 : 0.001  -31.9745316
37900 : 0.001  -31.9684304
38000 : 0.001  -31.9684304
38100 : 0.001  -31.9684304
38200 : 0.001  -31.9684304
38300 : 0.001  -31.9684304
38400 : 0.001  -31.966739
38500 : 0.001  -31.966739
38600 : 0.001  -31.966739
38700 : 0.001  -31.966739
38800 : 0.001  -31.966739
38900 : 0.001  -31.966739
39000 : 0.001  -31.966739
39100 : 0.001  -31.966739
39200 : 0.001  -31.9648203
39300 : 0.001  -31.9648469
39400 : 0.001  -31.9649192
39500 : 0.001  -31.96332
39600 : 0.001  -31.96332
39700 : 0.001  -31.96332
39800 : 0.001  -31.96332
39900 : 0.001  -31.9650258
40000 : 0.001  -31.9650258
40100 : 0.001  -31.9685368
40200 : 0.001  -31.9672222
40300 : 0.001  -31.9682385
40400 : 0.001  -31.9682385
40500 : 0.001  -31.9682385
40600 : 0.001  -31.9682385
40700 : 0.001  -31.9682385
40800 : 0.001  -31.9682385
40900 : 0.001  -31.9677739
41000 : 0.001  -31.9677739
41100 : 0.001  -31.9677739
41200 : 0.001  -31.9697985
41300 : 0.001  -31.9697985
41400 : 0.001  -31.9697985
41500 : 0.001  -31.9697985
41600 : 0.001  -31.9697985
41700 : 0.001  -31.9697985
41800 : 0.001  -31.9720363
41900 : 0.001  -31.9720363
42000 : 0.001  -31.9720363
42100 : 0.001  -31.9720363
42200 : 0.001  -31.972612
42300 : 0.001  -31.972668
42400 : 0.001  -31.9744244
42500 : 0.001  -31.9729769
42600 : 0.001  -31.972858
42700 : 0.001  -31.972858
42800 : 0.001  -31.972858
42900 : 0.001  -31.972858
43000 : 0.001  -31.9733928
43100 : 0.001  -31.9778789
43200 : 0.001  -31.9783624
43300 : 0.001  -31.9734113
43400 : 0.001  -31.9734113
43500 : 0.001  -31.9734113
43600 : 0.001  -31.9734113
43700 : 0.001  -31.9734113
43800 : 0.001  -31.9727183
43900 : 0.001  -31.9727183
44000 : 0.001  -31.9734913
44100 : 0.001  -31.9767801
44200 : 0.001  -31.9767801
44300 : 0.001  -31.9779917
44400 : 0.001  -31.9779917
44500 : 0.001  -31.9779917
44600 : 0.001  -31.9779917
44700 : 0.001  -31.9779917
44800 : 0.001  -31.9779917
44900 : 0.001  -31.9779917
45000 : 0.001  -31.9779917
45100 : 0.001  -31.9779917
45200 : 0.001  -31.9778856
45300 : 0.001  -31.9778856
45400 : 0.001  -31.9778856
45500 : 0.001  -31.9742384
45600 : 0.001  -31.9742384
45700 : 0.001  -31.9752256
45800 : 0.001  -31.9757298
45900 : 0.001  -31.9757298
46000 : 0.001  -31.9762814
46100 : 0.001  -31.9721282
46200 : 0.001  -31.9721282
46300 : 0.001  -31.9711975
46400 : 0.001  -31.9711975
46500 : 0.001  -31.969865
46600 : 0.001  -31.969865
46700 : 0.001  -31.969865
46800 : 0.001  -31.969865
46900 : 0.001  -31.969865
47000 : 0.001  -31.968336
47100 : 0.001  -31.9692539
47200 : 0.001  -31.9722714
47300 : 0.001  -31.9725624
47400 : 0.001  -31.9725624
47500 : 0.001  -31.9725624
47600 : 0.001  -31.9725624
47700 : 0.001  -31.9731396
47800 : 0.001  -31.9758345
47900 : 0.001  -31.9751963
48000 : 0.001  -31.9751963
48100 : 0.001  -31.9751963
48200 : 0.001  -31.9751963
48300 : 0.001  -31.974112
48400 : 0.001  -31.9757836
48500 : 0.001  -31.9757836
48600 : 0.001  -31.9757836
48700 : 0.001  -31.9757836
48800 : 0.001  -31.9777354
48900 : 0.001  -31.977997
49000 : 0.001  -31.9790161
49100 : 0.001  -31.9790161
49200 : 0.001  -31.9790161
49300 : 0.001  -31.9790161
49400 : 0.001  -31.9736804
49500 : 0.001  -31.9736804
49600 : 0.001  -31.9682139
49700 : 0.001  -31.9682139
49800 : 0.001  -31.9682139
49900 : 0.001  -31.9682139
50000 : 0.001  -31.9682139
50100 : 0.001  -31.9682139
50200 : 0.001  -31.9682139
50300 : 0.001  -31.9721789
50400 : 0.001  -31.9721789
50500 : 0.001  -31.9675127
50600 : 0.001  -31.9675127
50700 : 0.001  -31.9675127
50800 : 0.001  -31.9675127
50900 : 0.001  -31.9667857
51000 : 0.001  -31.9667857
51100 : 0.001  -31.964251
51200 : 0.001  -31.96731
51300 : 0.001  -31.9667304
51400 : 0.001  -31.9667304
51500 : 0.001  -31.9667304
51600 : 0.001  -31.9667304
51700 : 0.001  -31.9674272
51800 : 0.001  -31.9674272
51900 : 0.001  -31.9674272
52000 : 0.001  -31.9674272
52100 : 0.001  -31.9674272
52200 : 0.001  -31.9674272
52300 : 0.001  -31.9674272
52400 : 0.001  -31.9674272
52500 : 0.001  -31.9674272
52600 : 0.001  -31.9674272
52700 : 0.001  -31.9674272
52800 : 0.001  -31.9674272
52900 : 0.001  -31.9674272
53000 : 0.001  -31.9671626
53100 : 0.001  -31.9671626
53200 : 0.001  -31.9671626
53300 : 0.001  -31.9671626
53400 : 0.001  -31.9671626
53500 : 0.001  -31.9671626
53600 : 0.001  -31.9671207
53700 : 0.001  -31.9671207
53800 : 0.001  -31.9671207
53900 : 0.001  -31.9636152
54000 : 0.001  -31.9636152
54100 : 0.001  -31.9648633
54200 : 0.001  -31.9648633
54300 : 0.001  -31.9659184
54400 : 0.001  -31.966456
54500 : 0.001  -31.9683733
54600 : 0.001  -31.9707504
54700 : 0.001  -31.9707504
54800 : 0.001  -31.9707504
54900 : 0.001  -31.9707504
55000 : 0.001  -31.9707504
55100 : 0.001  -31.9707504
55200 : 0.001  -31.9707504
55300 : 0.001  -31.9706415
55400 : 0.001  -31.9706415
55500 : 0.001  -31.9706415
55600 : 0.001  -31.9706415
55700 : 0.001  -31.9706415
55800 : 0.001  -31.9711408
55900 : 0.001  -31.9711408
56000 : 0.001  -31.9711408
56100 : 0.001  -31.9688283
56200 : 0.001  -31.9688283
56300 : 0.001  -31.9688283
56400 : 0.001  -31.9688283
56500 : 0.001  -31.9688283
56600 : 0.001  -31.9681586
56700 : 0.001  -31.9681586
56800 : 0.001  -31.9678267
56900 : 0.001  -31.9678267
57000 : 0.001  -31.96842
57100 : 0.001  -31.9676155
57200 : 0.001  -31.9676155
57300 : 0.001  -31.9676155
57400 : 0.001  -31.9676155
57500 : 0.001  -31.9676155
57600 : 0.001  -31.9676155
57700 : 0.001  -31.9676155
57800 : 0.001  -31.9676155
57900 : 0.001  -31.9659918
58000 : 0.001  -31.9682647
58100 : 0.001  -31.9686703
58200 : 0.001  -31.9686703
58300 : 0.001  -31.9686703
58400 : 0.001  -31.9666433
58500 : 0.001  -31.9628369
58600 : 0.001  -31.9628369
58700 : 0.001  -31.9628369
58800 : 0.001  -31.9628369
58900 : 0.001  -31.9628369
59000 : 0.001  -31.9628369
59100 : 0.001  -31.9628369
59200 : 0.001  -31.9628369
59300 : 0.001  -31.9639165
59400 : 0.001  -31.9639165
59500 : 0.001  -31.962518
59600 : 0.001  -31.9628304
59700 : 0.001  -31.9628304
59800 : 0.001  -31.962056
59900 : 0.001  -31.962056
60000 : 0.001  -31.962056
60100 : 0.001  -31.962056
60200 : 0.001  -31.962056
60300 : 0.001  -31.962056
60400 : 0.001  -31.9617936
60500 : 0.001  -31.9653231
60600 : 0.001  -31.9653231
60700 : 0.001  -31.9653231
60800 : 0.001  -31.9653231
60900 : 0.001  -31.9653231
61000 : 0.001  -31.9653231
61100 : 0.001  -31.9653231
61200 : 0.001  -31.9651526
61300 : 0.001  -31.9651526
61400 : 0.001  -31.9662131
61500 : 0.001  -31.9662131
61600 : 0.001  -31.9671393
61700 : 0.001  -31.9671393
61800 : 0.001  -31.966292
61900 : 0.001  -31.9653057
62000 : 0.001  -31.963851
62100 : 0.001  -31.963851
62200 : 0.001  -31.963851
62300 : 0.001  -31.963851
62400 : 0.001  -31.963851
62500 : 0.001  -31.963851
62600 : 0.001  -31.96203
62700 : 0.001  -31.9619928
62800 : 0.001  -31.9619928
62900 : 0.001  -31.9619928
63000 : 0.001  -31.9631755
63100 : 0.001  -31.9631755
63200 : 0.001  -31.9631755
63300 : 0.001  -31.9631755
63400 : 0.001  -31.9644669
63500 : 0.001  -31.9668391
63600 : 0.001  -31.9646648
63700 : 0.001  -31.9646648
63800 : 0.001  -31.9646648
63900 : 0.001  -31.9646648
64000 : 0.001  -31.9646648
64100 : 0.001  -31.9625647
64200 : 0.001  -31.9625647
64300 : 0.001  -31.9625647
64400 : 0.001  -31.9625647
64500 : 0.001  -31.9625647
64600 : 0.001  -31.961946
64700 : 0.001  -31.961946
64800 : 0.001  -31.961067
64900 : 0.001  -31.961067
65000 : 0.001  -31.9586935
65100 : 0.001  -31.9586935
65200 : 0.001  -31.9586935
65300 : 0.001  -31.957495
65400 : 0.001  -31.957495
65500 : 0.001  -31.9576757
65600 : 0.001  -31.9576757
65700 : 0.001  -31.9576757
65800 : 0.001  -31.9576757
65900 : 0.001  -31.9576757
66000 : 0.001  -31.9556951
66100 : 0.001  -31.9559039
66200 : 0.001  -31.9559039
66300 : 0.001  -31.9559039
66400 : 0.001  -31.9559039
66500 : 0.001  -31.9581808
66600 : 0.001  -31.9581808
66700 : 0.001  -31.9558511
66800 : 0.001  -31.95634
66900 : 0.001  -31.95634
67000 : 0.001  -31.95634
67100 : 0.001  -31.95634
67200 : 0.001  -31.9565439
67300 : 0.001  -31.9579804
67400 : 0.001  -31.9579804
67500 : 0.001  -31.9579804
67600 : 0.001  -31.9608357
67700 : 0.001  -31.9608357
67800 : 0.001  -31.9605902
67900 : 0.001  -31.9617432
68000 : 0.001  -31.9617432
68100 : 0.001  -31.9629835
68200 : 0.001  -31.9629835
68300 : 0.001  -31.9629835
68400 : 0.001  -31.9629835
68500 : 0.001  -31.9633026
68600 : 0.001  -31.9633026
68700 : 0.001  -31.9633026
68800 : 0.001  -31.9649296
68900 : 0.001  -31.9649296
69000 : 0.001  -31.9649296
69100 : 0.001  -31.9611362
69200 : 0.001  -31.9611362
69300 : 0.001  -31.9611362
69400 : 0.001  -31.9611362
69500 : 0.001  -31.9621968
69600 : 0.001  -31.9621968
69700 : 0.001  -31.9621968
69800 : 0.001  -31.9635002
69900 : 0.001  -31.9635002
70000 : 0.001  -31.9635002
70100 : 0.001  -31.9629086
70200 : 0.001  -31.9658398
70300 : 0.001  -31.9658398
70400 : 0.001  -31.9658398
70500 : 0.001  -31.9658398
70600 : 0.001  -31.9658398
70700 : 0.001  -31.9651193
70800 : 0.001  -31.9651193
70900 : 0.001  -31.9668375
71000 : 0.001  -31.9680916
71100 : 0.001  -31.9680916
71200 : 0.001  -31.9680916
71300 : 0.001  -31.9680916
71400 : 0.001  -31.9680916
71500 : 0.001  -31.9680916
71600 : 0.001  -31.9680916
71700 : 0.001  -31.9680916
71800 : 0.001  -31.9687487
71900 : 0.001  -31.9687487
72000 : 0.001  -31.9687487
72100 : 0.001  -31.9687487
72200 : 0.001  -31.9687487
72300 : 0.001  -31.9687487
72400 : 0.001  -31.970061
72500 : 0.001  -31.969532
72600 : 0.001  -31.969532
72700 : 0.001  -31.969532
72800 : 0.001  -31.969532
72900 : 0.001  -31.969532
73000 : 0.001  -31.9690889
73100 : 0.001  -31.9690889
73200 : 0.001  -31.9681838
73300 : 0.001  -31.965889
73400 : 0.001  -31.965889
73500 : 0.001  -31.965889
73600 : 0.001  -31.965889
73700 : 0.001  -31.965889
73800 : 0.001  -31.965889
73900 : 0.001  -31.965889
74000 : 0.001  -31.9593769
74100 : 0.001  -31.9601317
74200 : 0.001  -31.9601317
74300 : 0.001  -31.9601317
74400 : 0.001  -31.9601317
74500 : 0.001  -31.9601317
74600 : 0.001  -31.9601317
74700 : 0.001  -31.9599986
74800 : 0.001  -31.9599986
74900 : 0.001  -31.961481
75000 : 0.001  -31.961481
75100 : 0.001  -31.9569115
75200 : 0.001  -31.9569115
75300 : 0.001  -31.9579815
75400 : 0.001  -31.9579815
75500 : 0.001  -31.9579815
75600 : 0.001  -31.956384
75700 : 0.001  -31.956384
75800 : 0.001  -31.956384
75900 : 0.001  -31.956384
76000 : 0.001  -31.9569573
76100 : 0.001  -31.9632321
76200 : 0.001  -31.9632321
76300 : 0.001  -31.9623055
76400 : 0.001  -31.9620329
76500 : 0.001  -31.9671383
76600 : 0.001  -31.9646688
76700 : 0.001  -31.9646688
76800 : 0.001  -31.9646688
76900 : 0.001  -31.9644969
77000 : 0.001  -31.9644969
77100 : 0.001  -31.9644969
77200 : 0.001  -31.9644969
77300 : 0.001  -31.9644969
77400 : 0.001  -31.9635685
77500 : 0.001  -31.9652208
77600 : 0.001  -31.9632011
77700 : 0.001  -31.9632011
77800 : 0.001  -31.9640246
77900 : 0.001  -31.9640246
78000 : 0.001  -31.9640246
78100 : 0.001  -31.9640246
78200 : 0.001  -31.9640246
78300 : 0.001  -31.9640246
78400 : 0.001  -31.9640246
78500 : 0.001  -31.9640246
78600 : 0.001  -31.9640246
78700 : 0.001  -31.9638002
78800 : 0.001  -31.9649203
78900 : 0.001  -31.9647818
79000 : 0.001  -31.9647818
79100 : 0.001  -31.9636338
79200 : 0.001  -31.96407
79300 : 0.001  -31.9616032
79400 : 0.001  -31.9599272
79500 : 0.001  -31.963468
79600 : 0.001  -31.9654171
79700 : 0.001  -31.9664497
79800 : 0.001  -31.9664054
79900 : 0.001  -31.965952
80000 : 0.001  -31.9641927
80100 : 0.001  -31.9641927
80200 : 0.001  -31.9641927
80300 : 0.001  -31.9578726
80400 : 0.001  -31.9578726
80500 : 0.001  -31.9617763
80600 : 0.001  -31.9626647
80700 : 0.001  -31.9626647
80800 : 0.001  -31.9626647
80900 : 0.001  -31.9626647
81000 : 0.001  -31.9626647
81100 : 0.001  -31.9626647
81200 : 0.001  -31.9626647
81300 : 0.001  -31.9602123
81400 : 0.001  -31.9602123
81500 : 0.001  -31.9607199
81600 : 0.001  -31.9632635
81700 : 0.001  -31.9632635
81800 : 0.001  -31.9632635
81900 : 0.001  -31.9632635
82000 : 0.001  -31.9632635
82100 : 0.001  -31.9632635
82200 : 0.001  -31.9632635
82300 : 0.001  -31.9632635
82400 : 0.001  -31.9632635
82500 : 0.001  -31.9632635
82600 : 0.001  -31.9612443
82700 : 0.001  -31.9603577
82800 : 0.001  -31.9603577
82900 : 0.001  -31.9603577
83000 : 0.001  -31.9603289
83100 : 0.001  -31.9617985
83200 : 0.001  -31.9617985
83300 : 0.001  -31.9617985
83400 : 0.001  -31.9617985
83500 : 0.001  -31.9616722
83600 : 0.001  -31.9616722
83700 : 0.001  -31.9616722
83800 : 0.001  -31.9645183
83900 : 0.001  -31.9645183
84000 : 0.001  -31.9636203
84100 : 0.001  -31.9636203
84200 : 0.001  -31.9636203
84300 : 0.001  -31.9628403
84400 : 0.001  -31.9628403
84500 : 0.001  -31.9628403
84600 : 0.001  -31.9628403
84700 : 0.001  -31.9628403
84800 : 0.001  -31.9628403
84900 : 0.001  -31.9628403
85000 : 0.001  -31.9632256
85100 : 0.001  -31.9632256
85200 : 0.001  -31.9632256
85300 : 0.001  -31.9632256
85400 : 0.001  -31.9665296
85500 : 0.001  -31.9665296
85600 : 0.001  -31.9665296
85700 : 0.001  -31.9665296
85800 : 0.001  -31.9665296
85900 : 0.001  -31.9665296
86000 : 0.001  -31.9665296
86100 : 0.001  -31.9665296
86200 : 0.001  -31.9665296
86300 : 0.001  -31.9665296
86400 : 0.001  -31.9649842
86500 : 0.001  -31.9651446
86600 : 0.001  -31.9651446
86700 : 0.001  -31.9655314
86800 : 0.001  -31.9655314
86900 : 0.001  -31.9655314
87000 : 0.001  -31.9674755
87100 : 0.001  -31.9674755
87200 : 0.001  -31.9674755
87300 : 0.001  -31.9674755
87400 : 0.001  -31.9674755
87500 : 0.001  -31.9674755
87600 : 0.001  -31.9674755
87700 : 0.001  -31.9674755
87800 : 0.001  -31.968821
87900 : 0.001  -31.968821
88000 : 0.001  -31.9672552
88100 : 0.001  -31.9672552
88200 : 0.001  -31.9685434
88300 : 0.001  -31.9685434
88400 : 0.001  -31.9685434
88500 : 0.001  -31.9685434
88600 : 0.001  -31.9685434
88700 : 0.001  -31.9663994
88800 : 0.001  -31.9669605
88900 : 0.001  -31.9677363
89000 : 0.001  -31.9677363
89100 : 0.001  -31.9677363
89200 : 0.001  -31.9683942
89300 : 0.001  -31.9683942
89400 : 0.001  -31.9683942
89500 : 0.001  -31.9690089
89600 : 0.001  -31.9690089
89700 : 0.001  -31.9690089
89800 : 0.001  -31.9687256
89900 : 0.001  -31.9687256
90000 : 0.001  -31.9687256
90100 : 0.001  -31.9690661
90200 : 0.001  -31.9673562
90300 : 0.001  -31.9673562
90400 : 0.001  -31.9673562
90500 : 0.001  -31.9673562
90600 : 0.001  -31.9673562
90700 : 0.001  -31.9635446
90800 : 0.001  -31.9635446
90900 : 0.001  -31.9635446
91000 : 0.001  -31.9635446
91100 : 0.001  -31.9595996
91200 : 0.001  -31.9595996
91300 : 0.001  -31.9595996
91400 : 0.001  -31.9613642
91500 : 0.001  -31.9632664
91600 : 0.001  -31.9665771
91700 : 0.001  -31.9665771
91800 : 0.001  -31.9665771
91900 : 0.001  -31.9641594
92000 : 0.001  -31.9641594
92100 : 0.001  -31.9641594
92200 : 0.001  -31.9604047
92300 : 0.001  -31.9604047
92400 : 0.001  -31.9604335
92500 : 0.001  -31.9616316
92600 : 0.001  -31.9616316
92700 : 0.001  -31.9616316
92800 : 0.001  -31.9616316
92900 : 0.001  -31.9631529
93000 : 0.001  -31.9628492
93100 : 0.001  -31.9628492
93200 : 0.001  -31.9639364
93300 : 0.001  -31.9639364
93400 : 0.001  -31.9639364
93500 : 0.001  -31.9679363
93600 : 0.001  -31.9633476
93700 : 0.001  -31.9633476
93800 : 0.001  -31.9633476
93900 : 0.001  -31.9633476
94000 : 0.001  -31.9633476
94100 : 0.001  -31.9641708
94200 : 0.001  -31.970368
94300 : 0.001  -31.970368
94400 : 0.001  -31.9711947
94500 : 0.001  -31.9711947
94600 : 0.001  -31.9711947
94700 : 0.001  -31.9711947
94800 : 0.001  -31.9711947
94900 : 0.001  -31.9711947
95000 : 0.001  -31.9711947
95100 : 0.001  -31.9719722
95200 : 0.001  -31.9719722
95300 : 0.001  -31.9719722
95400 : 0.001  -31.9719722
95500 : 0.001  -31.9693573
95600 : 0.001  -31.9693573
95700 : 0.001  -31.9702998
95800 : 0.001  -31.9697639
95900 : 0.001  -31.9707684
96000 : 0.001  -31.9707684
96100 : 0.001  -31.9707684
96200 : 0.001  -31.9707684
96300 : 0.001  -31.9678022
96400 : 0.001  -31.9678022
96500 : 0.001  -31.9678022
96600 : 0.001  -31.9678022
96700 : 0.001  -31.9678022
96800 : 0.001  -31.9678022
96900 : 0.001  -31.9678022
97000 : 0.001  -31.9678022
97100 : 0.001  -31.9692129
97200 : 0.001  -31.9692129
97300 : 0.001  -31.9692129
97400 : 0.001  -31.9679836
97500 : 0.001  -31.9679836
97600 : 0.001  -31.9679836
97700 : 0.001  -31.9679836
97800 : 0.001  -31.9678773
97900 : 0.001  -31.9678773
98000 : 0.001  -31.9678773
98100 : 0.001  -31.9678773
98200 : 0.001  -31.9735146
98300 : 0.001  -31.9744984
98400 : 0.001  -31.9744984
98500 : 0.001  -31.9744984
98600 : 0.001  -31.9744984
98700 : 0.001  -31.9744984
98800 : 0.001  -31.9744984
98900 : 0.001  -31.9744984
99000 : 0.001  -31.9759406
99100 : 0.001  -31.9759406
99200 : 0.001  -31.9759406
99300 : 0.001  -31.9759406
99400 : 0.001  -31.9759406
99500 : 0.001  -31.9759406
99600 : 0.001  -31.9759406
99700 : 0.001  -31.9759406
99800 : 0.001  -31.9759406
99900 : 0.001  -31.9753156
