Replica_Temperatures = 0.001 0.002 0.003 0.004
0 : 0.001  -0.900781748
200 : 0.001  -31.5806354
500 : 0.001  -31.8502955
800 : 0.001  -31.8844019
1100 : 0.001  -31.9107847
1400 : 0.001  -31.9096017
1700 : 0.001  -31.9160054
2000 : 0.001  -31.9211083
2300 : 0.001  -31.9236685
2600 : 0.001  -31.9332027
2800 : 0.001  -31.9416758
2900 : 0.001  -31.9416758
3100 : 0.001  -31.9475371
3200 : 0.001  -31.9493906
3400 : 0.001  -31.9493906
3500 : 0.001  -31.9496122
3700 : 0.001  -31.9497628
3800 : 0.001  -31.9517916
4000 : 0.001  -31.9497673
4100 : 0.001  -31.9497673
4300 : 0.001  -31.9497673
4400 : 0.001  -31.9497673
4600 : 0.001  -31.948067
4700 : 0.001  -31.948067
4900 : 0.001  -31.9498619
5000 : 0.001  -31.9497199
5200 : 0.001  -31.9497199
5300 : 0.001  -31.9497199
5500 : 0.001  -31.950336
5600 : 0.001  -31.9490509
5800 : 0.001  -31.9490509
5900 : 0.001  -31.9490509
6100 : 0.001  -31.948294
6200 : 0.001  -31.948294
6400 : 0.001  -31.9519795
6500 : 0.001  -31.9519795
6700 : 0.001  -31.9501331
6800 : 0.001  -31.9455874
7000 : 0.001  -31.944112
7100 : 0.001  -31.9466278
7300 : 0.001  -31.9483288
7400 : 0.001  -31.9516048
7600 : 0.001  -31.9554767
7700 : 0.001  -31.9554767
7900 : 0.001  -31.9554767
8000 : 0.001  -31.9586176
8200 : 0.001  -31.9586176
8300 : 0.001  -31.9586176
8500 : 0.001  -31.9586176
8600 : 0.001  -31.9586176
8800 : 0.001  -31.9586176
8900 : 0.001  -31.9586176
9100 : 0.001  -31.9589731
9200 : 0.001  -31.9593682
9400 : 0.001  -31.9611785
9500 : 0.001  -31.9611785
9700 : 0.001  -31.9611785
9800 : 0.001  -31.9652056
10000 : 0.001  -31.9652056
10100 : 0.001  -31.9650922
10300 : 0.001  -31.9650922
10400 : 0.001  -31.9650922
10600 : 0.001  -31.9650922
10700 : 0.001  -31.9650922
10900 : 0.001  -31.9665083
11000 : 0.001  -31.9665083
11200 : 0.001  -31.9668123
11300 : 0.001  -31.9668123
11500 : 0.001  -31.9668123
11600 : 0.001  -31.9668123
11800 : 0.001  -31.9668123
11900 : 0.001  -31.9668123
12100 : 0.001  -31.9666605
12200 : 0.001  -31.9663105
12400 : 0.001  -31.9663105
12500 : 0.001  -31.9663105
12700 : 0.001  -31.9663105
12800 : 0.001  -31.9663105
13000 : 0.001  -31.9663392
13100 : 0.001  -31.9680859
13300 : 0.001  -31.9680859
13400 : 0.001  -31.9680859
13600 : 0.001  -31.9653553
13700 : 0.001  -31.9653553
13900 : 0.001  -31.9653553
14000 : 0.001  -31.9653553
14200 : 0.001  -31.9661077
14300 : 0.001  -31.9661077
14500 : 0.001  -31.9661077
14600 : 0.001  -31.9672633
14800 : 0.001  -31.9672633
14900 : 0.001  -31.9672633
15100 : 0.001  -31.9727765
15200 : 0.001  -31.9727765
15400 : 0.001  -31.9732054
15500 : 0.001  -31.9732054
15700 : 0.001  -31.9732054
15800 : 0.001  -31.9732054
16000 : 0.001  -31.9732054
16100 : 0.001  -31.9732054
16300 : 0.001  -31.9732054
16400 : 0.001  -31.9732054
16600 : 0.001  -31.9701419
16700 : 0.001  -31.96915
16900 : 0.001  -31.9688332
17000 : 0.001  -31.9688332
17200 : 0.001  -31.96885
17300 : 0.001  -31.96885
17500 : 0.001  -31.9692396
17600 : 0.001  -31.9692396
17800 : 0.001  -31.9692396
17900 : 0.001  -31.9714593
18100 : 0.001  -31.9723351
18200 : 0.001  -31.9723351
18400 : 0.001  -31.9723351
18500 : 0.001  -31.9723351
18700 : 0.001  -31.9726708
18800 : 0.001  -31.9737244
19000 : 0.001  -31.9737244
19100 : 0.001  -31.9737244
19300 : 0.001  -31.9737244
19400 : 0.001  -31.9737244
19600 : 0.001  -31.9737244
19700 : 0.001  -31.9737244
19900 : 0.001  -31.9737244
20000 : 0.001  -31.9737244
20200 : 0.001  -31.9737244
20300 : 0.001  -31.9737244
20500 : 0.001  -31.9744191
20600 : 0.001  -31.9744191
20800 : 0.001  -31.9744191
20900 : 0.001  -31.9756844
21100 : 0.001  -31.9717705
21200 : 0.001  -31.9713584
21400 : 0.001  -31.9693882
21500 : 0.001  -31.9689316
21700 : 0.001  -31.9683834
21800 : 0.001  -31.9683834
22000 : 0.001  -31.9695886
22100 : 0.001  -31.9695886
22300 : 0.001  -31.9678834
22400 : 0.001  -31.9678834
22600 : 0.001  -31.9678834
22700 : 0.001  -31.9678834
22900 : 0.001  -31.9722398
23000 : 0.001  -31.9722398
23200 : 0.001  -31.9705848
23300 : 0.001  -31.9705848
23500 : 0.001  -31.9711435
23600 : 0.001  -31.9711435
23800 : 0.001  -31.9711435
23900 : 0.001  -31.972374
24100 : 0.001  -31.972374
24200 : 0.001  -31.972374
24400 : 0.001  -31.972374
24500 : 0.001  -31.972374
24700 : 0.001  -31.9719716
24800 : 0.001  -31.9719716
25000 : 0.001  -31.9719716
25100 : 0.001  -31.9719716
25300 : 0.001  -31.9719716
25400 : 0.001  -31.9719716
25600 : 0.001  -31.9719716
25700 : 0.001  -31.9719716
25900 : 0.001  -31.9740298
26000 : 0.001  -31.9740298
26200 : 0.001  -31.9740298
26300 : 0.001  -31.9740805
26500 : 0.001  -31.9748537
26600 : 0.001  -31.972545
26800 : 0.001  -31.9725812
26900 : 0.001  -31.9725812
27100 : 0.001  -31.9721919
27200 : 0.001  -31.9715708
27400 : 0.001  -31.9724279
27500 : 0.001  -31.9683266
27700 : 0.001  -31.9683266
27800 : 0.001  -31.9686277
28000 : 0.001  -31.9686277
28100 : 0.001  -31.9719401
28300 : 0.001  -31.9719401
28400 : 0.001  -31.9719401
28600 : 0.001  -31.9719401
28700 : 0.001  -31.9719401
28900 : 0.001  -31.9719401
29000 : 0.001  -31.9719401
29200 : 0.001  -31.9690958
29300 : 0.001  -31.9690958
29500 : 0.001  -31.9691982
29600 : 0.001  -31.9691982
29800 : 0.001  -31.970324
29900 : 0.001  -31.9701041
30100 : 0.001  -31.9701041
30200 : 0.001  -31.9701041
30400 : 0.001  -31.9701041
30500 : 0.001  -31.9701041
30700 : 0.001  -31.9708147
30800 : 0.001  -31.9708147
31000 : 0.001  -31.9708147
31100 : 0.001  -31.9709874
31300 : 0.001  -31.9699747
31400 : 0.001  -31.9697628
31600 : 0.001  -31.9697628
31700 : 0.001  -31.9697628
31900 : 0.001  -31.9697628
32000 : 0.001  -31.9698113
32200 : 0.001  -31.9698113
32300 : 0.001  -31.9698113
32500 : 0.001  -31.9687667
32600 : 0.001  -31.9655421
32800 : 0.001  -31.9682659
32900 : 0.001  -31.9689535
33100 : 0.001  -31.9685856
33200 : 0.001  -31.9712078
33400 : 0.001  -31.9728062
33500 : 0.001  -31.9728062
33700 : 0.001  -31.9728062
33800 : 0.001  -31.9728062
34000 : 0.001  -31.972444
34100 : 0.001  -31.972444
34300 : 0.001  -31.972444
34400 : 0.001  -31.9734577
34600 : 0.001  -31.9716941
34700 : 0.001  -31.9716941
34900 : 0.001  -31.971805
35000 : 0.001  -31.971805
35200 : 0.001  -31.9718443
35300 : 0.001  -31.9718443
35500 : 0.001  -31.9718443
35600 : 0.001  -31.9737269
35800 : 0.001  -31.9737269
35900 : 0.001  -31.9738409
36100 : 0.001  -31.9738409
36200 : 0.001  -31.9738409
36400 : 0.001  -31.9670866
36500 : 0.001  -31.9670866
36700 : 0.001  -31.9662299
36800 : 0.001  -31.9662299
37000 : 0.001  -31.9662299
37100 : 0.001  -31.9662299
37300 : 0.001  -31.9697476
37400 : 0.001  -31.9697476
37600 : 0.001  -31.9697476
37700 : 0.001  -31.9697476
37900 : 0.001  -31.9677181
38000 : 0.001  -31.9677181
38200 : 0.001  -31.9680556
38300 : 0.001  -31.9680556
38500 : 0.001  -31.9680556
38600 : 0.001  -31.9680556
38800 : 0.001  -31.9675797
38900 : 0.001  -31.9675797
39100 : 0.001  -31.967361
39200 : 0.001  -31.967361
39400 : 0.001  -31.967361
39500 : 0.001  -31.9668221
39700 : 0.001  -31.9669839
39800 : 0.001  -31.9669839
40000 : 0.001  -31.9669839
40100 : 0.001  -31.9669839
40300 : 0.001  -31.9672139
40400 : 0.001  -31.9672139
40600 : 0.001  -31.9645377
40700 : 0.001  -31.9645377
40900 : 0.001  -31.9636129
41000 : 0.001  -31.9667616
41200 : 0.001  -31.9667616
41300 : 0.001  -31.9667616
41500 : 0.001  -31.9682736
41600 : 0.001  -31.9682736
41800 : 0.001  -31.9698413
41900 : 0.001  -31.9698413
42100 : 0.001  -31.9699982
42200 : 0.001  -31.9699982
42400 : 0.001  -31.9699982
42500 : 0.001  -31.9699982
42700 : 0.001  -31.9706053
42800 : 0.001  -31.9722346
43000 : 0.001  -31.9696998
43100 : 0.001  -31.9694913
43300 : 0.001  -31.9694913
43400 : 0.001  -31.9694913
43600 : 0.001  -31.9694913
43700 : 0.001  -31.9694913
43900 : 0.001  -31.9692209
44000 : 0.001  -31.9692209
44200 : 0.001  -31.9686253
44300 : 0.001  -31.9686253
44500 : 0.001  -31.9686253
44600 : 0.001  -31.9664635
44800 : 0.001  -31.9666419
44900 : 0.001  -31.9666419
45100 : 0.001  -31.9650669
45200 : 0.001  -31.9646201
45400 : 0.001  -31.9661732
45500 : 0.001  -31.9661732
45700 : 0.001  -31.9661732
45800 : 0.001  -31.9693463
46000 : 0.001  -31.9693463
46100 : 0.001  -31.9693463
46300 : 0.001  -31.9693463
46400 : 0.001  -31.9693463
46600 : 0.001  -31.9687899
46700 : 0.001  -31.9672284
46900 : 0.001  -31.9679008
47000 : 0.001  -31.9679008
47200 : 0.001  -31.9691293
47300 : 0.001  -31.9691293
47500 : 0.001  -31.9691293
47600 : 0.001  -31.9681195
47800 : 0.001  -31.9681195
47900 : 0.001  -31.9681195
48100 : 0.001  -31.9679006
48200 : 0.001  -31.9714479
48400 : 0.001  -31.9714479
48500 : 0.001  -31.9709802
48700 : 0.001  -31.9709802
48800 : 0.001  -31.9698825
49000 : 0.001  -31.9701493
49100 : 0.001  -31.9701493
49300 : 0.001  -31.9675449
49400 : 0.001  -31.9675449
49600 : 0.001  -31.9675449
49700 : 0.001  -31.9675449
49900 : 0.001  -31.967089
50000 : 0.001  -31.967089
50200 : 0.001  -31.967089
50300 : 0.001  -31.9674533
50500 : 0.001  -31.9674533
50600 : 0.001  -31.9674533
50800 : 0.001  -31.9697592
50900 : 0.001  -31.9697592
51100 : 0.001  -31.969498
51200 : 0.001  -31.969498
51400 : 0.001  -31.969498
51500 : 0.001  -31.969498
51700 : 0.001  -31.9691592
51800 : 0.001  -31.9691592
52000 : 0.001  -31.9691592
52100 : 0.001  -31.9691592
52300 : 0.001  -31.9691592
52400 : 0.001  -31.9691592
52600 : 0.001  -31.9691592
52700 : 0.001  -31.9691592
52900 : 0.001  -31.9709174
53000 : 0.001  -31.9709174
53200 : 0.001  -31.9709174
53300 : 0.001  -31.9709174
53500 : 0.001  -31.9709174
53600 : 0.001  -31.9723354
53800 : 0.001  -31.9702909
53900 : 0.001  -31.9702909
54100 : 0.001  -31.968897
54200 : 0.001  -31.968897
54400 : 0.001  -31.968897
54500 : 0.001  -31.968897
54700 : 0.001  -31.968897
54800 : 0.001  -31.9695659
55000 : 0.001  -31.9695659
55100 : 0.001  -31.9695659
55300 : 0.001  -31.9695659
55400 : 0.001  -31.9679514
55600 : 0.001  -31.9679514
55700 : 0.001  -31.9679514
55900 : 0.001  -31.9679514
56000 : 0.001  -31.9679514
56200 : 0.001  -31.9679514
56300 : 0.001  -31.9679514
56500 : 0.001  -31.9668195
56600 : 0.001  -31.9679849
56800 : 0.001  -31.9679849
56900 : 0.001  -31.9679849
57100 : 0.001  -31.9679849
57200 : 0.001  -31.9679849
57400 : 0.001  -31.9679849
57500 : 0.001  -31.968212
57700 : 0.001  -31.9683342
57800 : 0.001  -31.9683342
58000 : 0.001  -31.9683342
58100 : 0.001  -31.9673814
58300 : 0.001  -31.9654504
58400 : 0.001  -31.9654504
58600 : 0.001  -31.9650247
58700 : 0.001  -31.9650247
58900 : 0.001  -31.9650247
59000 : 0.001  -31.9650247
59200 : 0.001  -31.9635456
59300 : 0.001  -31.9653859
59500 : 0.001  -31.9653859
59600 : 0.001  -31.9655718
59800 : 0.001  -31.9655718
59900 : 0.001  -31.9655718
60100 : 0.001  -31.9655718
60200 : 0.001  -31.9655718
60400 : 0.001  -31.9642697
60500 : 0.001  -31.9631862
60700 : 0.001  -31.9631862
60800 : 0.001  -31.9643808
61000 : 0.001  -31.9639849
61100 : 0.001  -31.9639849
61300 : 0.001  -31.9621402
61400 : 0.001  -31.964625
61600 : 0.001  -31.964625
61700 : 0.001  -31.964625
61900 : 0.001  -31.9653895
62000 : 0.001  -31.9653895
62200 : 0.001  -31.9653895
62300 : 0.001  -31.9667017
62500 : 0.001  -31.9667017
62600 : 0.001  -31.9648645
62800 : 0.001  -31.9648645
62900 : 0.001  -31.9648645
63100 : 0.001  -31.9648645
63200 : 0.001  -31.9648645
63400 : 0.001  -31.9648645
63500 : 0.001  -31.9648645
63700 : 0.001  -31.9664686
63800 : 0.001  -31.9664686
64000 : 0.001  -31.9664686
64100 : 0.001  -31.9662139
64300 : 0.001  -31.9649407
64400 : 0.001  -31.9649407
64600 : 0.001  -31.9649574
64700 : 0.001  -31.9649574
64900 : 0.001  -31.9649892
65000 : 0.001  -31.9649892
65200 : 0.001  -31.9641791
65300 : 0.001  -31.9641791
65500 : 0.001  -31.9641791
65600 : 0.001  -31.9631189
65800 : 0.001  -31.9603009
65900 : 0.001  -31.9603009
66100 : 0.001  -31.9603009
66200 : 0.001  -31.9610794
66400 : 0.001  -31.9610794
66500 : 0.001  -31.9610794
66700 : 0.001  -31.9632789
66800 : 0.001  -31.9632789
67000 : 0.001  -31.9632789
67100 : 0.001  -31.9632789
67300 : 0.001  -31.9648064
67400 : 0.001  -31.9648064
67600 : 0.001  -31.9648064
67700 : 0.001  -31.9620465
67900 : 0.001  -31.9596337
68000 : 0.001  -31.9622559
68200 : 0.001  -31.9618949
68300 : 0.001  -31.9573558
68500 : 0.001  -31.9575809
68600 : 0.001  -31.9575809
68800 : 0.001  -31.9643659
68900 : 0.001  -31.9643659
69100 : 0.001  -31.9643659
69200 : 0.001  -31.9643659
69400 : 0.001  -31.9635892
69500 : 0.001  -31.9635892
69700 : 0.001  -31.9655288
69800 : 0.001  -31.9655288
70000 : 0.001  -31.9682879
70100 : 0.001  -31.9682879
70300 : 0.001  -31.9690646
70400 : 0.001  -31.9690646
70600 : 0.001  -31.9690646
70700 : 0.001  -31.9690646
70900 : 0.001  -31.9690646
71000 : 0.001  -31.9690646
71200 : 0.001  -31.9671007
71300 : 0.001  -31.9687686
71500 : 0.001  -31.9692097
71600 : 0.001  -31.9692097
71800 : 0.001  -31.9692097
71900 : 0.001  -31.9710601
72100 : 0.001  -31.9710601
72200 : 0.001  -31.9712547
72400 : 0.001  -31.9719323
72500 : 0.001  -31.9719323
72700 : 0.001  -31.9719323
72800 : 0.001  -31.9716769
73000 : 0.001  -31.9716769
73100 : 0.001  -31.9714031
73300 : 0.001  -31.9714031
73400 : 0.001  -31.9714031
73600 : 0.001  -31.9707721
73700 : 0.001  -31.9703147
73900 : 0.001  -31.9703147
74000 : 0.001  -31.9703147
74200 : 0.001  -31.9703147
74300 : 0.001  -31.9703147
74500 : 0.001  -31.9690854
74600 : 0.001  -31.9690854
74800 : 0.001  -31.9656824
74900 : 0.001  -31.9656824
75100 : 0.001  -31.9666488
75200 : 0.001  -31.9666488
75400 : 0.001  -31.9666488
75500 : 0.001  -31.9666488
75700 : 0.001  -31.9682354
75800 : 0.001  -31.9655479
76000 : 0.001  -31.9665988
76100 : 0.001  -31.9665988
76300 : 0.001  -31.9675296
76400 : 0.001  -31.9675296
76600 : 0.001  -31.9690608
76700 : 0.001  -31.9680976
76900 : 0.001  -31.9672205
77000 : 0.001  -31.9688512
77200 : 0.001  -31.9688512
77300 : 0.001  -31.9688512
77500 : 0.001  -31.9688512
77600 : 0.001  -31.9680387
77800 : 0.001  -31.9680387
77900 : 0.001  -31.9677653
78100 : 0.001  -31.9668355
78200 : 0.001  -31.9684934
78400 : 0.001  -31.9688403
78500 : 0.001  -31.9688403
78700 : 0.001  -31.9670951
78800 : 0.001  -31.9670951
79000 : 0.001  -31.9670951
79100 : 0.001  -31.9670951
79300 : 0.001  -31.9670951
79400 : 0.001  -31.9670951
79600 : 0.001  -31.9672916
79700 : 0.001  -31.9692477
79900 : 0.001  -31.9717709
80000 : 0.001  -31.9716803
80200 : 0.001  -31.9716803
80300 : 0.001  -31.9716803
80500 : 0.001  -31.9716803
80600 : 0.001  -31.971145
80800 : 0.001  -31.9726031
80900 : 0.001  -31.9726031
81100 : 0.001  -31.9726031
81200 : 0.001  -31.9726031
81400 : 0.001  -31.9726031
81500 : 0.001  -31.9726031
81700 : 0.001  -31.9726031
81800 : 0.001  -31.9726031
82000 : 0.001  -31.9726031
82100 : 0.001  -31.9726031
82300 : 0.001  -31.9726031
82400 : 0.001  -31.9726031
82600 : 0.001  -31.971744
82700 : 0.001  -31.971744
82900 : 0.001  -31.971223
83000 : 0.001  -31.971223
83200 : 0.001  -31.971223
83300 : 0.001  -31.971223
83500 : 0.001  -31.971223
83600 : 0.001  -31.9722465
83800 : 0.001  -31.9742971
83900 : 0.001  -31.9742971
84100 : 0.001  -31.9724912
84200 : 0.001  -31.9724912
84400 : 0.001  -31.9724912
84500 : 0.001  -31.9724912
84700 : 0.001  -31.9724912
84800 : 0.001  -31.9701946
85000 : 0.001  -31.9701946
85100 : 0.001  -31.9701946
85300 : 0.001  -31.9709118
85400 : 0.001  -31.973589
85600 : 0.001  -31.973589
85700 : 0.001  -31.973589
85900 : 0.001  -31.973589
86000 : 0.001  -31.973589
86200 : 0.001  -31.973589
86300 : 0.001  -31.973589
86500 : 0.001  -31.973589
86600 : 0.001  -31.973589
86800 : 0.001  -31.973589
86900 : 0.001  -31.973589
87100 : 0.001  -31.973589
87200 : 0.001  -31.973589
87400 : 0.001  -31.9742786
87500 : 0.001  -31.9742786
87700 : 0.001  -31.9742786
87800 : 0.001  -31.9742786
88000 : 0.001  -31.9742786
88100 : 0.001  -31.9742786
88300 : 0.001  -31.9742786
88400 : 0.001  -31.9742786
88600 : 0.001  -31.9742786
88700 : 0.001  -31.9742786
88900 : 0.001  -31.9742786
89000 : 0.001  -31.972606
89200 : 0.001  -31.9711396
89300 : 0.001  -31.9729572
89500 : 0.001  -31.9723626
89600 : 0.001  -31.9723626
89800 : 0.001  -31.9723626
89900 : 0.001  -31.9723626
90100 : 0.001  -31.9727968
90200 : 0.001  -31.9727968
90400 : 0.001  -31.9723146
90500 : 0.001  -31.9723146
90700 : 0.001  -31.9763289
90800 : 0.001  -31.9763289
91000 : 0.001  -31.9763289
91100 : 0.001  -31.9763289
91300 : 0.001  -31.9763289
91400 : 0.001  -31.9763289
91600 : 0.001  -31.9763289
91700 : 0.001  -31.9723936
91900 : 0.001  -31.9723936
92000 : 0.001  -31.9722175
92200 : 0.001  -31.9731753
92300 : 0.001  -31.9731753
92500 : 0.001  -31.9724114
92600 : 0.001  -31.9713584
92800 : 0.001  -31.9713584
92900 : 0.001  -31.9693932
93100 : 0.001  -31.9693932
93200 : 0.001  -31.9657893
93400 : 0.001  -31.9670527
93500 : 0.001  -31.9670527
93700 : 0.001  -31.9674203
93800 : 0.001  -31.9674203
94000 : 0.001  -31.9674203
94100 : 0.001  -31.9666555
94300 : 0.001  -31.9666555
94400 : 0.001  -31.9633933
94600 : 0.001  -31.9633933
94700 : 0.001  -31.9635011
94900 : 0.001  -31.9635011
95000 : 0.001  -31.9635011
95200 : 0.001  -31.9635011
95300 : 0.001  -31.9642883
95500 : 0.001  -31.9642883
95600 : 0.001  -31.9642883
95800 : 0.001  -31.9642883
95900 : 0.001  -31.9642883
96200 : 0.001  -31.9640229
96400 : 0.001  -31.9618289
96500 : 0.001  -31.9618289
96700 : 0.001  -31.9682932
96800 : 0.001  -31.9682932
97000 : 0.001  -31.966782
97100 : 0.001  -31.9649551
97300 : 0.001  -31.9660903
97400 : 0.001  -31.9660903
97600 : 0.001  -31.9649499
97700 : 0.001  -31.9650372
97900 : 0.001  -31.9637381
98000 : 0.001  -31.9628101
98200 : 0.001  -31.9618107
98300 : 0.001  -31.9618107
98500 : 0.001  -31.9618107
98600 : 0.001  -31.9638816
98800 : 0.001  -31.9638816
98900 : 0.001  -31.9664159
99100 : 0.001  -31.9664159
99200 : 0.001  -31.9664159
99400 : 0.001  -31.9664159
99500 : 0.001  -31.9664159
99700 : 0.001  -31.9664159
99800 : 0.001  -31.9649781
