Replica_Temperatures = 0.01 0.02 0.03 0.04
0 : 0.01  -0.560618017
200 : 0.01  -31.4637623
500 : 0.01  -31.7054829
800 : 0.01  -31.6690349
1100 : 0.01  -31.6249235
1400 : 0.01  -31.7081879
1700 : 0.01  -31.6703762
2000 : 0.01  -31.7126725
2300 : 0.01  -31.7308649
2600 : 0.01  -31.6406378
2900 : 0.01  -31.7219473
3200 : 0.01  -31.747323
3500 : 0.01  -31.7105722
3800 : 0.01  -31.6820232
4100 : 0.01  -31.6856499
4400 : 0.01  -31.7024493
4700 : 0.01  -31.7597148
5000 : 0.01  -31.7221615
5300 : 0.01  -31.7118529
5600 : 0.01  -31.7296203
5900 : 0.01  -31.6662697
6200 : 0.01  -31.654872
6500 : 0.01  -31.6626668
6800 : 0.01  -31.7412152
7100 : 0.01  -31.6705092
7400 : 0.01  -31.7075255
7700 : 0.01  -31.6919992
8000 : 0.01  -31.6819606
8300 : 0.01  -31.7820018
8600 : 0.01  -31.6835218
8900 : 0.01  -31.6361856
9200 : 0.01  -31.7128864
9500 : 0.01  -31.6820564
9800 : 0.01  -31.8135787
10100 : 0.01  -31.6998601
10400 : 0.01  -31.6328087
10700 : 0.01  -31.6693092
11000 : 0.01  -31.6756798
11300 : 0.01  -31.6515706
11600 : 0.01  -31.7130306
11900 : 0.01  -31.7975742
12200 : 0.01  -31.6926535
12500 : 0.01  -31.6769176
12800 : 0.01  -31.6548129
13100 : 0.01  -31.6924815
13400 : 0.01  -31.6776614
13700 : 0.01  -31.7436053
14000 : 0.01  -31.7911511
14300 : 0.01  -31.6940513
14600 : 0.01  -31.5108066
14900 : 0.01  -31.6435146
15200 : 0.01  -31.6899599
15500 : 0.01  -31.741907
15800 : 0.01  -31.5952228
16100 : 0.01  -31.6809708
16400 : 0.01  -31.6517849
16700 : 0.01  -31.6051372
17000 : 0.01  -31.6580146
17300 : 0.01  -31.7178485
17600 : 0.01  -31.7466177
17900 : 0.01  -31.6585847
18200 : 0.01  -31.6250591
18500 : 0.01  -31.7627395
18800 : 0.01  -31.5961488
19100 : 0.01  -31.7340423
19400 : 0.01  -31.6484386
19700 : 0.01  -31.7727998
20000 : 0.01  -31.7226309
20300 : 0.01  -31.7151999
20600 : 0.01  -31.622017
20900 : 0.01  -31.6389223
21200 : 0.01  -31.6426392
21500 : 0.01  -31.647059
21800 : 0.01  -31.7054647
22100 : 0.01  -31.6592973
22300 : 0.01  -31.5579399
22400 : 0.01  -31.5094074
22600 : 0.01  -31.628262
22700 : 0.01  -31.6609914
23000 : 0.01  -31.6817798
23300 : 0.01  -31.7602586
23600 : 0.01  -31.7638783
23900 : 0.01  -31.727733
24200 : 0.01  -31.6707195
24500 : 0.01  -31.7755335
24800 : 0.01  -31.6912722
25100 : 0.01  -31.7281411
25400 : 0.01  -31.6976136
25700 : 0.01  -31.6229984
26000 : 0.01  -31.7353435
26300 : 0.01  -31.7125332
26600 : 0.01  -31.6350634
26900 : 0.01  -31.7296062
27200 : 0.01  -31.661327
27500 : 0.01  -31.7536459
27800 : 0.01  -31.7663514
28100 : 0.01  -31.6157919
28400 : 0.01  -31.7063581
28600 : 0.01  -31.63209
28700 : 0.01  -31.6047661
28900 : 0.01  -31.6349218
29000 : 0.01  -31.6906127
29300 : 0.01  -31.6327168
29600 : 0.01  -31.7401411
29900 : 0.01  -31.7178106
30200 : 0.01  -31.6507011
30500 : 0.01  -31.7502985
30800 : 0.01  -31.6653169
31100 : 0.01  -31.7070452
31400 : 0.01  -31.7669532
31700 : 0.01  -31.6939849
32000 : 0.01  -31.6808565
32300 : 0.01  -31.6597502
32600 : 0.01  -31.7614056
32900 : 0.01  -31.7484204
33200 : 0.01  -31.7383951
33500 : 0.01  -31.7172907
33800 : 0.01  -31.7180354
34100 : 0.01  -31.6118062
34400 : 0.01  -31.6877047
34700 : 0.01  -31.6906786
35000 : 0.01  -31.6513006
35300 : 0.01  -31.6863908
35600 : 0.01  -31.51259
35900 : 0.01  -31.7241212
36200 : 0.01  -31.724922
36500 : 0.01  -31.7051042
36800 : 0.01  -31.6723509
37000 : 0.01  -31.6467457
37100 : 0.01  -31.6586995
37300 : 0.01  -31.6501512
37400 : 0.01  -31.7474914
37600 : 0.01  -31.6116112
37700 : 0.01  -31.5985594
37900 : 0.01  -31.7747203
38000 : 0.01  -31.7123466
38200 : 0.01  -31.5768794
38300 : 0.01  -31.6711054
38500 : 0.01  -31.6716921
38600 : 0.01  -31.7461879
38800 : 0.01  -31.6833833
38900 : 0.01  -31.642352
39100 : 0.01  -31.7087445
39200 : 0.01  -31.7746076
39400 : 0.01  -31.7030266
39500 : 0.01  -31.6391668
39700 : 0.01  -31.6339032
39800 : 0.01  -31.6174005
40000 : 0.01  -31.5838675
40100 : 0.01  -31.6996735
40300 : 0.01  -31.6391903
40400 : 0.01  -31.6431588
40600 : 0.01  -31.6962189
40700 : 0.01  -31.6596815
40900 : 0.01  -31.7064236
41000 : 0.01  -31.7620905
41200 : 0.01  -31.7666872
41300 : 0.01  -31.738546
41500 : 0.01  -31.697682
41600 : 0.01  -31.7396827
41800 : 0.01  -31.618046
41900 : 0.01  -31.5568258
42100 : 0.01  -31.6049348
42200 : 0.01  -31.6184179
42400 : 0.01  -31.6940681
42500 : 0.01  -31.728945
42700 : 0.01  -31.7728264
42800 : 0.01  -31.7539726
43000 : 0.01  -31.6700669
43100 : 0.01  -31.7056538
43300 : 0.01  -31.6396966
43400 : 0.01  -31.6038943
43600 : 0.01  -31.7093444
43700 : 0.01  -31.6833591
43900 : 0.01  -31.7173766
44000 : 0.01  -31.5860323
44200 : 0.01  -31.6865796
44300 : 0.01  -31.7740569
44500 : 0.01  -31.6294704
44600 : 0.01  -31.5924789
44800 : 0.01  -31.6248208
44900 : 0.01  -31.6527533
45100 : 0.01  -31.7350038
45200 : 0.01  -31.6330986
45400 : 0.01  -31.6853368
45500 : 0.01  -31.7097178
45800 : 0.01  -31.5361254
46100 : 0.01  -31.7018189
46400 : 0.01  -31.6953006
46700 : 0.01  -31.7417055
47000 : 0.01  -31.7014118
47300 : 0.01  -31.6948686
47600 : 0.01  -31.7568792
47900 : 0.01  -31.5802043
48200 : 0.01  -31.6304213
48500 : 0.01  -31.5285094
48800 : 0.01  -31.6597463
49100 : 0.01  -31.6848133
49400 : 0.01  -31.5970597
49700 : 0.01  -31.7361839
50000 : 0.01  -31.6096474
50300 : 0.01  -31.6769402
50600 : 0.01  -31.7179572
50900 : 0.01  -31.5720074
51200 : 0.01  -31.6755584
51500 : 0.01  -31.7375301
51800 : 0.01  -31.5932459
52000 : 0.01  -31.6621346
52100 : 0.01  -31.6980119
52300 : 0.01  -31.6989916
52400 : 0.01  -31.7308177
52600 : 0.01  -31.7634109
52700 : 0.01  -31.6177512
52900 : 0.01  -31.5629824
53000 : 0.01  -31.5386712
53300 : 0.01  -31.6176666
53600 : 0.01  -31.6741033
53900 : 0.01  -31.7578208
54200 : 0.01  -31.6691166
54500 : 0.01  -31.6715662
54800 : 0.01  -31.6226704
55100 : 0.01  -31.6860021
55300 : 0.01  -31.6761084
55400 : 0.01  -31.6594233
55600 : 0.01  -31.6105505
55700 : 0.01  -31.5961526
56000 : 0.01  -31.6836276
56300 : 0.01  -31.6293515
56600 : 0.01  -31.6838671
56900 : 0.01  -31.6110941
57200 : 0.01  -31.7611186
57500 : 0.01  -31.7895517
57800 : 0.01  -31.6902916
58100 : 0.01  -31.7068859
58400 : 0.01  -31.7812551
58700 : 0.01  -31.7261003
59000 : 0.01  -31.5938024
59300 : 0.01  -31.648642
59600 : 0.01  -31.6980515
59900 : 0.01  -31.64941
60200 : 0.01  -31.6411893
60500 : 0.01  -31.6921811
60800 : 0.01  -31.693502
61100 : 0.01  -31.5713276
61400 : 0.01  -31.6318151
61700 : 0.01  -31.7084234
62000 : 0.01  -31.6602512
62300 : 0.01  -31.6806866
62600 : 0.01  -31.6147502
62900 : 0.01  -31.7213256
63200 : 0.01  -31.6137915
63500 : 0.01  -31.595792
63800 : 0.01  -31.6914157
64100 : 0.01  -31.6555801
64400 : 0.01  -31.7634251
64700 : 0.01  -31.6991836
65000 : 0.01  -31.7291444
65300 : 0.01  -31.7489704
65600 : 0.01  -31.7311724
65900 : 0.01  -31.6891012
66200 : 0.01  -31.7377245
66500 : 0.01  -31.6932371
66800 : 0.01  -31.6689408
67100 : 0.01  -31.6421692
67400 : 0.01  -31.6951813
67700 : 0.01  -31.7529364
68000 : 0.01  -31.7262605
68300 : 0.01  -31.7615824
68600 : 0.01  -31.7135838
68900 : 0.01  -31.589026
69200 : 0.01  -31.6768698
69500 : 0.01  -31.7770046
69800 : 0.01  -31.6532536
70100 : 0.01  -31.7583693
70400 : 0.01  -31.6434129
70700 : 0.01  -31.711161
71000 : 0.01  -31.708889
71300 : 0.01  -31.6971405
71600 : 0.01  -31.6517901
71900 : 0.01  -31.7209408
72200 : 0.01  -31.7388835
72500 : 0.01  -31.6836237
72800 : 0.01  -31.8008272
73100 : 0.01  -31.664233
73400 : 0.01  -31.6603781
73700 : 0.01  -31.7225582
74000 : 0.01  -31.5863839
74300 : 0.01  -31.7204354
74600 : 0.01  -31.6557995
74900 : 0.01  -31.6548244
75200 : 0.01  -31.7307598
75500 : 0.01  -31.6617269
75800 : 0.01  -31.6539997
76100 : 0.01  -31.5978352
76400 : 0.01  -31.6508267
76700 : 0.01  -31.7210475
77000 : 0.01  -31.7197154
77300 : 0.01  -31.7036037
77600 : 0.01  -31.6290516
77900 : 0.01  -31.7124152
78200 : 0.01  -31.7068556
78500 : 0.01  -31.725149
78800 : 0.01  -31.6777824
79100 : 0.01  -31.7292069
79400 : 0.01  -31.6651828
79700 : 0.01  -31.6595263
80000 : 0.01  -31.7325623
80300 : 0.01  -31.7263901
80600 : 0.01  -31.6510864
80900 : 0.01  -31.7486161
81200 : 0.01  -31.5921611
81500 : 0.01  -31.7634881
81800 : 0.01  -31.7026867
82100 : 0.01  -31.7058307
82400 : 0.01  -31.7526224
82700 : 0.01  -31.7806343
83000 : 0.01  -31.683908
83300 : 0.01  -31.7267885
83600 : 0.01  -31.6477296
83900 : 0.01  -31.6756957
84200 : 0.01  -31.659153
84500 : 0.01  -31.7465499
84800 : 0.01  -31.6398424
85100 : 0.01  -31.6321962
85400 : 0.01  -31.7020139
85700 : 0.01  -31.6716779
86000 : 0.01  -31.7620823
86300 : 0.01  -31.6791297
86600 : 0.01  -31.5407883
86900 : 0.01  -31.7139237
87200 : 0.01  -31.7169919
87500 : 0.01  -31.6550479
87800 : 0.01  -31.7461373
88100 : 0.01  -31.7489133
88400 : 0.01  -31.7014165
88700 : 0.01  -31.6494899
89000 : 0.01  -31.7326727
89300 : 0.01  -31.7588439
89600 : 0.01  -31.5925733
89900 : 0.01  -31.6893812
90200 : 0.01  -31.6659231
90500 : 0.01  -31.7366081
90800 : 0.01  -31.7406258
91100 : 0.01  -31.6928698
91400 : 0.01  -31.6847604
91700 : 0.01  -31.7986436
92000 : 0.01  -31.631139
92300 : 0.01  -31.7018794
92600 : 0.01  -31.7300829
92900 : 0.01  -31.6980437
93200 : 0.01  -31.7195754
93500 : 0.01  -31.6457908
93800 : 0.01  -31.6356058
94100 : 0.01  -31.7693729
94400 : 0.01  -31.7459947
94700 : 0.01  -31.6824392
95000 : 0.01  -31.7295979
95300 : 0.01  -31.6700372
95600 : 0.01  -31.7348419
95900 : 0.01  -31.6061117
96200 : 0.01  -31.6146309
96500 : 0.01  -31.5584892
96800 : 0.01  -31.688924
97100 : 0.01  -31.7435493
97400 : 0.01  -31.6736779
97700 : 0.01  -31.7013697
98000 : 0.01  -31.722482
98300 : 0.01  -31.689133
98600 : 0.01  -31.769103
98900 : 0.01  -31.5747175
99200 : 0.01  -31.7071275
99500 : 0.01  -31.6775892
99800 : 0.01  -31.6501135
