2 Sy2 Sy2 16 17 0.0297857
2 Sz2 Sz2 16 17 0.0827381
1 Sy2 16 -0.0231429
1 Sy2 17 -0.0231429
1 Sz2 16 -0.0642857
1 Sz2 17 -0.0642857
2 iQyz iQyz 16 17 -0.0223214
2 Sy2 Sy2 20 21 0.0297857
2 Sz2 Sz2 20 21 0.0827381
1 Sy2 20 -0.0231429
1 Sy2 21 -0.0231429
1 Sz2 20 -0.0642857
1 Sz2 21 -0.0642857
2 iQyz iQyz 20 21 -0.0223214
2 Sy2 Sy2 24 25 0.0297857
2 Sz2 Sz2 24 25 0.0827381
1 Sy2 24 -0.0231429
1 Sy2 25 -0.0231429
1 Sz2 24 -0.0642857
1 Sz2 25 -0.0642857
2 iQyz iQyz 24 25 -0.0223214
2 Sy2 Sy2 28 29 0.0297857
2 Sz2 Sz2 28 29 0.0827381
1 Sy2 28 -0.0231429
1 Sy2 29 -0.0231429
1 Sz2 28 -0.0642857
1 Sz2 29 -0.0642857
2 iQyz iQyz 28 29 -0.0223214
2 Sy2 Sy2 17 18 0.0297857
2 Sz2 Sz2 17 18 0.0827381
1 Sy2 17 -0.0231429
1 Sy2 18 -0.0231429
1 Sz2 17 -0.0642857
1 Sz2 18 -0.0642857
2 iQyz iQyz 17 18 -0.0223214
2 Sy2 Sy2 21 22 0.0297857
2 Sz2 Sz2 21 22 0.0827381
1 Sy2 21 -0.0231429
1 Sy2 22 -0.0231429
1 Sz2 21 -0.0642857
1 Sz2 22 -0.0642857
2 iQyz iQyz 21 22 -0.0223214
2 Sy2 Sy2 25 26 0.0297857
2 Sz2 Sz2 25 26 0.0827381
1 Sy2 25 -0.0231429
1 Sy2 26 -0.0231429
1 Sz2 25 -0.0642857
1 Sz2 26 -0.0642857
2 iQyz iQyz 25 26 -0.0223214
2 Sy2 Sy2 29 30 0.0297857
2 Sz2 Sz2 29 30 0.0827381
1 Sy2 29 -0.0231429
1 Sy2 30 -0.0231429
1 Sz2 29 -0.0642857
1 Sz2 30 -0.0642857
2 iQyz iQyz 29 30 -0.0223214
2 Sy2 Sy2 18 19 0.0297857
2 Sz2 Sz2 18 19 0.0827381
1 Sy2 18 -0.0231429
1 Sy2 19 -0.0231429
1 Sz2 18 -0.0642857
1 Sz2 19 -0.0642857
2 iQyz iQyz 18 19 -0.0223214
2 Sy2 Sy2 22 23 0.0297857
2 Sz2 Sz2 22 23 0.0827381
1 Sy2 22 -0.0231429
1 Sy2 23 -0.0231429
1 Sz2 22 -0.0642857
1 Sz2 23 -0.0642857
2 iQyz iQyz 22 23 -0.0223214
2 Sy2 Sy2 26 27 0.0297857
2 Sz2 Sz2 26 27 0.0827381
1 Sy2 26 -0.0231429
1 Sy2 27 -0.0231429
1 Sz2 26 -0.0642857
1 Sz2 27 -0.0642857
2 iQyz iQyz 26 27 -0.0223214
2 Sy2 Sy2 30 31 0.0297857
2 Sz2 Sz2 30 31 0.0827381
1 Sy2 30 -0.0231429
1 Sy2 31 -0.0231429
1 Sz2 30 -0.0642857
1 Sz2 31 -0.0642857
2 iQyz iQyz 30 31 -0.0223214
2 Sy2 Sy2 19 16 0.0297857
2 Sz2 Sz2 19 16 0.0827381
1 Sy2 19 -0.0231429
1 Sy2 16 -0.0231429
1 Sz2 19 -0.0642857
1 Sz2 16 -0.0642857
2 iQyz iQyz 19 16 -0.0223214
2 Sy2 Sy2 23 20 0.0297857
2 Sz2 Sz2 23 20 0.0827381
1 Sy2 23 -0.0231429
1 Sy2 20 -0.0231429
1 Sz2 23 -0.0642857
1 Sz2 20 -0.0642857
2 iQyz iQyz 23 20 -0.0223214
2 Sy2 Sy2 27 24 0.0297857
2 Sz2 Sz2 27 24 0.0827381
1 Sy2 27 -0.0231429
1 Sy2 24 -0.0231429
1 Sz2 27 -0.0642857
1 Sz2 24 -0.0642857
2 iQyz iQyz 27 24 -0.0223214
2 Sy2 Sy2 31 28 0.0297857
2 Sz2 Sz2 31 28 0.0827381
1 Sy2 31 -0.0231429
1 Sy2 28 -0.0231429
1 Sz2 31 -0.0642857
1 Sz2 28 -0.0642857
2 iQyz iQyz 31 28 -0.0223214
2 Sx2 Sx2 16 20 0.0297857
2 Sz2 Sz2 16 20 0.0827381
1 Sx2 16 -0.0231429
1 Sx2 20 -0.0231429
1 Sz2 16 -0.0642857
1 Sz2 20 -0.0642857
2 Qxz Qxz 16 20 0.0223214
2 Sx2 Sx2 20 24 0.0297857
2 Sz2 Sz2 20 24 0.0827381
1 Sx2 20 -0.0231429
1 Sx2 24 -0.0231429
1 Sz2 20 -0.0642857
1 Sz2 24 -0.0642857
2 Qxz Qxz 20 24 0.0223214
2 Sx2 Sx2 24 28 0.0297857
2 Sz2 Sz2 24 28 0.0827381
1 Sx2 24 -0.0231429
1 Sx2 28 -0.0231429
1 Sz2 24 -0.0642857
1 Sz2 28 -0.0642857
2 Qxz Qxz 24 28 0.0223214
2 Sx2 Sx2 28 16 0.0297857
2 Sz2 Sz2 28 16 0.0827381
1 Sx2 28 -0.0231429
1 Sx2 16 -0.0231429
1 Sz2 28 -0.0642857
1 Sz2 16 -0.0642857
2 Qxz Qxz 28 16 0.0223214
2 Sx2 Sx2 17 21 0.0297857
2 Sz2 Sz2 17 21 0.0827381
1 Sx2 17 -0.0231429
1 Sx2 21 -0.0231429
1 Sz2 17 -0.0642857
1 Sz2 21 -0.0642857
2 Qxz Qxz 17 21 0.0223214
2 Sx2 Sx2 21 25 0.0297857
2 Sz2 Sz2 21 25 0.0827381
1 Sx2 21 -0.0231429
1 Sx2 25 -0.0231429
1 Sz2 21 -0.0642857
1 Sz2 25 -0.0642857
2 Qxz Qxz 21 25 0.0223214
2 Sx2 Sx2 25 29 0.0297857
2 Sz2 Sz2 25 29 0.0827381
1 Sx2 25 -0.0231429
1 Sx2 29 -0.0231429
1 Sz2 25 -0.0642857
1 Sz2 29 -0.0642857
2 Qxz Qxz 25 29 0.0223214
2 Sx2 Sx2 29 17 0.0297857
2 Sz2 Sz2 29 17 0.0827381
1 Sx2 29 -0.0231429
1 Sx2 17 -0.0231429
1 Sz2 29 -0.0642857
1 Sz2 17 -0.0642857
2 Qxz Qxz 29 17 0.0223214
2 Sx2 Sx2 18 22 0.0297857
2 Sz2 Sz2 18 22 0.0827381
1 Sx2 18 -0.0231429
1 Sx2 22 -0.0231429
1 Sz2 18 -0.0642857
1 Sz2 22 -0.0642857
2 Qxz Qxz 18 22 0.0223214
2 Sx2 Sx2 22 26 0.0297857
2 Sz2 Sz2 22 26 0.0827381
1 Sx2 22 -0.0231429
1 Sx2 26 -0.0231429
1 Sz2 22 -0.0642857
1 Sz2 26 -0.0642857
2 Qxz Qxz 22 26 0.0223214
2 Sx2 Sx2 26 30 0.0297857
2 Sz2 Sz2 26 30 0.0827381
1 Sx2 26 -0.0231429
1 Sx2 30 -0.0231429
1 Sz2 26 -0.0642857
1 Sz2 30 -0.0642857
2 Qxz Qxz 26 30 0.0223214
2 Sx2 Sx2 30 18 0.0297857
2 Sz2 Sz2 30 18 0.0827381
1 Sx2 30 -0.0231429
1 Sx2 18 -0.0231429
1 Sz2 30 -0.0642857
1 Sz2 18 -0.0642857
2 Qxz Qxz 30 18 0.0223214
2 Sx2 Sx2 19 23 0.0297857
2 Sz2 Sz2 19 23 0.0827381
1 Sx2 19 -0.0231429
1 Sx2 23 -0.0231429
1 Sz2 19 -0.0642857
1 Sz2 23 -0.0642857
2 Qxz Qxz 19 23 0.0223214
2 Sx2 Sx2 23 27 0.0297857
2 Sz2 Sz2 23 27 0.0827381
1 Sx2 23 -0.0231429
1 Sx2 27 -0.0231429
1 Sz2 23 -0.0642857
1 Sz2 27 -0.0642857
2 Qxz Qxz 23 27 0.0223214
2 Sx2 Sx2 27 31 0.0297857
2 Sz2 Sz2 27 31 0.0827381
1 Sx2 27 -0.0231429
1 Sx2 31 -0.0231429
1 Sz2 27 -0.0642857
1 Sz2 31 -0.0642857
2 Qxz Qxz 27 31 0.0223214
2 Sx2 Sx2 31 19 0.0297857
2 Sz2 Sz2 31 19 0.0827381
1 Sx2 31 -0.0231429
1 Sx2 19 -0.0231429
1 Sz2 31 -0.0642857
1 Sz2 19 -0.0642857
2 Qxz Qxz 31 19 0.0223214
