#site Sx Sy Sz Sx2 Sy2 Sz2
0  0.239353  0  0.379384  0  0.366095  0  0.535382  0  0.57188  0  0.892739  0  
1  -0.915134  0  0.217081  0  -0.302414  0  0.939678  0  0.480227  0  0.580095  0  
2  -0.154882  0  0.342179  0  -0.44727  0  0.330292  0  0.892135  0  0.777573  0  
3  0.442943  0  0.000907946  0  0.302712  0  0.813327  0  0.588398  0  0.598274  0  
4  0.144541  0  0.22158  0  -0.794844  0  0.251022  0  0.784567  0  0.964411  0  
5  -0.759666  0  -0.313731  0  -0.113118  0  0.948242  0  0.80897  0  0.242788  0  
6  0.09661  0  0.468145  0  0.546566  0  0.379846  0  0.824384  0  0.79577  0  
7  -0.676599  0  -0.459908  0  -0.399287  0  0.707643  0  0.54281  0  0.749547  0  
8  0.780019  0  0.566028  0  0.0513146  0  0.799415  0  0.637067  0  0.563517  0  
9  0.526964  0  0.162299  0  0.442078  0  0.687594  0  0.831897  0  0.480509  0  
10  -0.228357  0  0.00886079  0  0.45379  0  0.315361  0  0.862135  0  0.822505  0  
11  0.402418  0  0.680608  0  0.256872  0  0.411664  0  0.836575  0  0.751761  0  
12  -0.00809688  0  0.468046  0  0.801224  0  0.612717  0  0.544316  0  0.842967  0  
13  -0.227424  0  -0.185801  0  -0.0615242  0  0.595  0  0.571575  0  0.833425  0  
14  -0.0474914  0  0.831756  0  -0.450608  0  0.411164  0  0.911461  0  0.677375  0  
15  0.0228995  0  0.442468  0  -0.0940346  0  0.661269  0  0.962079  0  0.376652  0  
