#site Sx Sy Sz Sx2 Sy2 Sz2
0  -0.589225  0  0.748563  0  -0.272443  0  0.659244  0  0.803697  0  0.537059  0  
1  -0.503046  0  0.811787  0  -0.293074  0  0.637663  0  0.826185  0  0.536153  0  
2  -0.486242  0  0.774083  0  -0.390995  0  0.586752  0  0.791129  0  0.622119  0  
3  -0.457482  0  0.79932  0  -0.382635  0  0.630123  0  0.827407  0  0.54247  0  
4  -0.526847  0  0.797584  0  -0.218304  0  0.714055  0  0.852426  0  0.433519  0  
5  -0.548758  0  0.802816  0  -0.224315  0  0.673258  0  0.830881  0  0.495862  0  
6  -0.554093  0  0.815773  0  -0.113632  0  0.633991  0  0.820752  0  0.545257  0  
7  -0.652722  0  0.723501  0  -0.210586  0  0.716923  0  0.75109  0  0.531987  0  
8  -0.517693  0  0.793071  0  -0.31532  0  0.653288  0  0.812562  0  0.53415  0  
9  -0.428406  0  0.867143  0  -0.241484  0  0.623609  0  0.884158  0  0.492232  0  
10  -0.364442  0  0.851549  0  -0.355866  0  0.600217  0  0.854112  0  0.54567  0  
11  -0.507532  0  0.816055  0  -0.272694  0  0.61239  0  0.832104  0  0.555506  0  
12  -0.519964  0  0.804842  0  -0.285501  0  0.62892  0  0.824131  0  0.546949  0  
13  -0.418101  0  0.840392  0  -0.3253  0  0.622278  0  0.84746  0  0.530262  0  
14  -0.505991  0  0.713638  0  -0.435821  0  0.711333  0  0.761015  0  0.527652  0  
15  -0.505607  0  0.736669  0  -0.416311  0  0.689476  0  0.762637  0  0.547887  0  
