#site Sx Sy Sz Sx2 Sy2 Sz2
0  0.537081  0  -0.750509  0  -0.359273  0  0.618492  0  0.808768  0  0.57274  0  
1  0.585443  0  -0.782634  0  -0.170037  0  0.715107  0  0.829719  0  0.455174  0  
2  0.541376  0  -0.794062  0  -0.0314708  0  0.568797  0  0.797834  0  0.633369  0  
3  0.475475  0  -0.756674  0  -0.402778  0  0.561201  0  0.774203  0  0.664596  0  
4  0.471253  0  -0.756665  0  -0.340687  0  0.596003  0  0.866945  0  0.537051  0  
5  0.589687  0  -0.691501  0  -0.400202  0  0.712647  0  0.733786  0  0.553567  0  
6  0.67739  0  -0.699061  0  -0.0378098  0  0.708677  0  0.719805  0  0.571518  0  
7  0.543819  0  -0.736268  0  -0.356916  0  0.612891  0  0.745762  0  0.641346  0  
8  0.573696  0  -0.684316  0  -0.438856  0  0.652787  0  0.7616  0  0.585613  0  
9  0.785491  0  -0.54633  0  -0.168415  0  0.792748  0  0.637857  0  0.569395  0  
10  0.714618  0  -0.581161  0  -0.383738  0  0.752859  0  0.648123  0  0.599018  0  
11  0.682534  0  -0.546236  0  -0.476584  0  0.751215  0  0.621695  0  0.62709  0  
12  0.729094  0  -0.664871  0  -0.112522  0  0.742828  0  0.697634  0  0.559538  0  
13  0.593033  0  -0.739905  0  -0.148733  0  0.612254  0  0.741252  0  0.646494  0  
14  0.299639  0  -0.900233  0  -0.283671  0  0.56715  0  0.901684  0  0.531166  0  
15  0.594394  0  -0.74658  0  -0.297174  0  0.687059  0  0.781563  0  0.531377  0  
