#site Sx Sy Sz Sx2 Sy2 Sz2
0  -0.0513534  0  0.883613  0  0.464534  0  0.487398  0  0.893785  0  0.618817  0  
1  -0.0119662  0  0.819513  0  0.569299  0  0.495526  0  0.838322  0  0.666151  0  
2  -0.0552713  0  0.854937  0  0.513101  0  0.527078  0  0.859463  0  0.61346  0  
3  0.0678122  0  0.829059  0  0.551902  0  0.505178  0  0.845825  0  0.648997  0  
4  -0.0108763  0  0.822354  0  0.568089  0  0.508839  0  0.835721  0  0.65544  0  
5  -0.0599076  0  0.790983  0  0.606537  0  0.519615  0  0.805992  0  0.674393  0  
6  0.0290504  0  0.853032  0  0.514367  0  0.504395  0  0.864242  0  0.631363  0  
7  0.00295394  0  0.846335  0  0.530953  0  0.487831  0  0.862178  0  0.649991  0  
8  -0.0672122  0  0.826176  0  0.547639  0  0.544007  0  0.83553  0  0.620463  0  
9  -0.106629  0  0.795633  0  0.593534  0  0.520291  0  0.814933  0  0.664776  0  
10  -0.0439031  0  0.820676  0  0.561504  0  0.453115  0  0.855318  0  0.691567  0  
11  -0.0149671  0  0.810401  0  0.573902  0  0.442852  0  0.851879  0  0.705269  0  
12  -0.159524  0  0.841133  0  0.505151  0  0.521944  0  0.848108  0  0.629948  0  
13  -0.0315121  0  0.826212  0  0.560506  0  0.520519  0  0.835406  0  0.644074  0  
14  -0.0924404  0  0.827706  0  0.547938  0  0.465789  0  0.856659  0  0.677552  0  
15  -0.0402898  0  0.793304  0  0.605426  0  0.501935  0  0.816016  0  0.682049  0  
