#site Sx Sy Sz Sx2 Sy2 Sz2
0  -0.738178  0  0.365332  0  -0.533042  0  0.762045  0  0.652352  0  0.585603  0  
1  -0.619551  0  0.41943  0  -0.647436  0  0.692596  0  0.551857  0  0.755546  0  
2  -0.595904  0  0.0889751  0  -0.686344  0  0.637572  0  0.658703  0  0.703725  0  
3  -0.894359  0  0.00343117  0  -0.417737  0  0.899068  0  0.562823  0  0.53811  0  
4  -0.678758  0  0.456283  0  -0.454197  0  0.721179  0  0.528834  0  0.749987  0  
5  -0.556758  0  0.60588  0  -0.554471  0  0.616157  0  0.694831  0  0.689012  0  
6  -0.830556  0  0.473057  0  -0.285134  0  0.851352  0  0.592403  0  0.556245  0  
7  -0.888044  0  0.283037  0  -0.207882  0  0.92539  0  0.409597  0  0.665013  0  
8  -0.746796  0  0.19046  0  -0.590433  0  0.829254  0  0.410354  0  0.760392  0  
9  -0.790992  0  0.484399  0  -0.29277  0  0.793711  0  0.628906  0  0.577383  0  
10  -0.874409  0  0.347458  0  -0.316451  0  0.877166  0  0.594599  0  0.528235  0  
11  -0.933527  0  0.201263  0  -0.276008  0  0.934668  0  0.529028  0  0.536304  0  
12  -0.683535  0  0.537116  0  -0.463862  0  0.769827  0  0.596045  0  0.634128  0  
13  -0.274739  0  0.640602  0  -0.543243  0  0.337755  0  0.853445  0  0.8088  0  
14  -0.757088  0  -0.344736  0  -0.453623  0  0.855521  0  0.43026  0  0.714218  0  
15  -0.845385  0  -0.292017  0  -0.430448  0  0.876427  0  0.547762  0  0.575811  0  
