#site Sx Sy Sz Sx2 Sy2 Sz2
0  -0.274694  0  -0.390221  0  0.795372  0  0.44203  0  0.641456  0  0.916514  0  
1  -0.44994  0  -0.0709512  0  0.875151  0  0.54453  0  0.579419  0  0.876051  0  
2  -0.688548  0  -0.174529  0  0.652066  0  0.818507  0  0.409567  0  0.771925  0  
3  -0.239534  0  -0.143001  0  0.797669  0  0.618463  0  0.407098  0  0.974439  0  
4  -0.526799  0  -0.413541  0  0.607195  0  0.614933  0  0.759245  0  0.625822  0  
5  -0.586011  0  -0.184042  0  0.747652  0  0.755512  0  0.397788  0  0.8467  0  
6  -0.631298  0  -0.288457  0  0.698299  0  0.744988  0  0.464238  0  0.790774  0  
7  -0.227299  0  -0.269731  0  0.909515  0  0.425034  0  0.639638  0  0.935327  0  
8  -0.542946  0  -0.14993  0  0.798303  0  0.716171  0  0.438123  0  0.845707  0  
9  -0.709925  0  0.31258  0  0.616724  0  0.738097  0  0.544138  0  0.717766  0  
10  -0.739131  0  0.155903  0  0.563001  0  0.866042  0  0.408408  0  0.72555  0  
11  -0.438555  0  -0.145924  0  0.85281  0  0.678037  0  0.407929  0  0.914034  0  
12  -0.331141  0  -0.00497348  0  0.868184  0  0.717854  0  0.323431  0  0.958715  0  
13  -0.591513  0  -0.405009  0  0.667112  0  0.669357  0  0.545393  0  0.78525  0  
14  -0.73451  0  -0.0383142  0  0.48344  0  0.797413  0  0.688622  0  0.513965  0  
15  -0.426386  0  -0.394841  0  0.724597  0  0.743907  0  0.440647  0  0.815446  0  
