#site Sx Sy Sz Sx2 Sy2 Sz2
0  -0.345786  0  0.681261  0  0.405767  0  0.53268  0  0.904109  0  0.563212  0  
1  0.682908  0  -0.155183  0  0.422948  0  0.761866  0  0.765103  0  0.473031  0  
2  0.318723  0  -0.270215  0  0.621469  0  0.382684  0  0.705008  0  0.912307  0  
3  -0.135992  0  0.707609  0  0.473306  0  0.759483  0  0.76243  0  0.478087  0  
4  -0.883835  0  0.150794  0  -0.247129  0  0.935114  0  0.535598  0  0.529288  0  
5  -0.572553  0  0.575271  0  0.339857  0  0.651109  0  0.829344  0  0.519547  0  
6  -0.390579  0  0.125838  0  0.321016  0  0.595145  0  0.84208  0  0.562775  0  
7  -0.516319  0  0.680303  0  -0.432673  0  0.567831  0  0.807336  0  0.624833  0  
8  -0.950464  0  -0.059242  0  0.219869  0  0.971473  0  0.574161  0  0.454365  0  
9  0.421827  0  -0.268268  0  0.50694  0  0.451159  0  0.784497  0  0.764343  0  
10  0.804273  0  0.0514045  0  0.190987  0  0.96584  0  0.715705  0  0.318454  0  
11  -0.625392  0  -0.371266  0  0.167727  0  0.856053  0  0.839631  0  0.304316  0  
12  -0.126239  0  -0.767698  0  0.344331  0  0.312866  0  0.918776  0  0.768358  0  
13  0.0514621  0  -0.0791831  0  0.406808  0  0.363964  0  0.638526  0  0.99751  0  
14  0.103757  0  -0.549208  0  0.243396  0  0.694582  0  0.924022  0  0.381396  0  
15  -0.654255  0  -0.580152  0  -0.338563  0  0.777308  0  0.79623  0  0.426462  0  
