#site Sx Sy Sz Sx2 Sy2 Sz2
0  -0.179313  0  0.193175  0  0.12425  0  0.919886  0  0.879555  0  0.200558  0  
1  -0.419858  0  0.0948738  0  0.847119  0  0.708964  0  0.37568  0  0.915356  0  
2  -0.22069  0  0.435237  0  0.168572  0  0.469812  0  0.966724  0  0.563465  0  
3  -0.441728  0  0.467884  0  -0.460661  0  0.447023  0  0.797522  0  0.755455  0  
4  -0.0505842  0  -0.0446523  0  0.720078  0  0.239675  0  0.766875  0  0.99345  0  
5  0.383791  0  -0.19226  0  0.149919  0  0.859234  0  0.954533  0  0.186232  0  
6  -0.637697  0  0.0134455  0  -0.542775  0  0.675382  0  0.77152  0  0.553098  0  
7  -0.764017  0  -0.0367682  0  -0.617352  0  0.769798  0  0.585685  0  0.644517  0  
8  -0.170034  0  -0.692719  0  0.316634  0  0.692389  0  0.912761  0  0.39485  0  
9  0.13776  0  -0.367425  0  -0.226531  0  0.267996  0  0.980595  0  0.75141  0  
10  0.449687  0  -0.735983  0  -0.000918771  0  0.46305  0  0.79943  0  0.73752  0  
11  0.315369  0  -0.820408  0  -0.090147  0  0.605401  0  0.918772  0  0.475827  0  
12  0.00077974  0  -0.0751137  0  0.358185  0  0.4163  0  0.601631  0  0.982069  0  
13  0.216963  0  0.279925  0  0.854209  0  0.550579  0  0.550128  0  0.899293  0  
14  -0.115947  0  0.585375  0  -0.725911  0  0.342948  0  0.798651  0  0.858401  0  
15  0.469405  0  0.0764339  0  0.305867  0  0.7224  0  0.814273  0  0.463327  0  
