#site Sx Sy Sz Sx2 Sy2 Sz2
0  0.150306  0  0.983612  0  0.0965056  0  0.511349  0  0.98368  0  0.504971  0  
1  0.149711  0  0.981499  0  0.101593  0  0.486363  0  0.983832  0  0.529805  0  
2  0.171299  0  0.982752  0  0.0622141  0  0.516199  0  0.983079  0  0.500723  0  
3  0.142247  0  0.983989  0  0.0989743  0  0.497407  0  0.984367  0  0.518226  0  
4  0.186463  0  0.979539  0  0.0698251  0  0.526582  0  0.980147  0  0.493271  0  
5  0.153227  0  0.985886  0  0.0578809  0  0.52671  0  0.987021  0  0.486269  0  
6  0.180768  0  0.981834  0  0.0570211  0  0.520463  0  0.982155  0  0.497382  0  
7  0.204944  0  0.969135  0  0.133007  0  0.529959  0  0.969584  0  0.500457  0  
8  0.180125  0  0.975284  0  0.118901  0  0.493474  0  0.976344  0  0.530182  0  
9  0.0832553  0  0.990188  0  0.108202  0  0.50464  0  0.990399  0  0.504961  0  
10  0.22068  0  0.973837  0  0.0476564  0  0.534944  0  0.975155  0  0.489901  0  
11  0.12953  0  0.98226  0  0.116364  0  0.474483  0  0.984804  0  0.540714  0  
12  0.158433  0  0.977693  0  0.136806  0  0.511229  0  0.977706  0  0.511065  0  
13  0.0606599  0  0.993649  0  0.0917129  0  0.493211  0  0.993901  0  0.512888  0  
14  0.134866  0  0.988442  0  0.0172892  0  0.541977  0  0.991325  0  0.466698  0  
15  0.144618  0  0.986151  0  0.0749245  0  0.525687  0  0.986995  0  0.487318  0  
