#site Sx Sy Sz Sx2 Sy2 Sz2
0  0.920514  0  0.370087  0  0.116305  0  0.927512  0  0.588635  0  0.483853  0  
1  0.857678  0  0.360078  0  0.335631  0  0.882239  0  0.504129  0  0.613632  0  
2  0.771136  0  0.149918  0  0.530888  0  0.780397  0  0.619128  0  0.600475  0  
3  0.962813  0  0.0174853  0  0.225612  0  0.973307  0  0.520941  0  0.505752  0  
4  0.75184  0  0.421514  0  0.462113  0  0.827563  0  0.623769  0  0.548668  0  
5  0.580604  0  0.671617  0  0.315254  0  0.633184  0  0.675533  0  0.691283  0  
6  0.811983  0  0.47455  0  0.240284  0  0.834828  0  0.528187  0  0.636986  0  
7  0.826502  0  0.291569  0  0.42135  0  0.888014  0  0.554036  0  0.557951  0  
8  0.748932  0  0.353606  0  0.538609  0  0.795726  0  0.605743  0  0.598532  0  
9  0.644131  0  0.155059  0  0.667066  0  0.686453  0  0.554136  0  0.759411  0  
10  0.829331  0  0.32951  0  0.335427  0  0.854975  0  0.47177  0  0.673256  0  
11  0.830981  0  0.191053  0  0.458459  0  0.900716  0  0.443373  0  0.655912  0  
12  0.864398  0  0.281327  0  0.40446  0  0.872877  0  0.585901  0  0.541222  0  
13  0.648648  0  0.46817  0  0.591085  0  0.742182  0  0.584051  0  0.673766  0  
14  0.857945  0  0.279571  0  0.33635  0  0.916932  0  0.597819  0  0.485249  0  
15  0.787353  0  -0.127451  0  0.56754  0  0.789353  0  0.608848  0  0.6018  0  
