#site Sx Sy Sz Sx2 Sy2 Sz2
0  0.369307  0  -0.837698  0  -0.396635  0  0.563614  0  0.843353  0  0.593033  0  
1  0.415996  0  -0.826259  0  -0.377878  0  0.57651  0  0.837621  0  0.585868  0  
2  0.39631  0  -0.84269  0  -0.335494  0  0.576087  0  0.84286  0  0.581053  0  
3  0.231492  0  -0.795719  0  -0.526082  0  0.466457  0  0.861005  0  0.672538  0  
4  0.284891  0  -0.905995  0  -0.299051  0  0.523155  0  0.921603  0  0.555242  0  
5  0.464152  0  -0.800674  0  -0.375314  0  0.588413  0  0.819454  0  0.592133  0  
6  0.481152  0  -0.832444  0  -0.260332  0  0.607975  0  0.83608  0  0.555945  0  
7  0.277334  0  -0.874268  0  -0.395357  0  0.560494  0  0.879221  0  0.560285  0  
8  0.400616  0  -0.868509  0  -0.283178  0  0.579465  0  0.870611  0  0.549923  0  
9  0.434816  0  -0.793731  0  -0.365876  0  0.680893  0  0.841956  0  0.477151  0  
10  0.668235  0  -0.652287  0  -0.35009  0  0.732794  0  0.734536  0  0.532671  0  
11  0.293078  0  -0.88532  0  -0.352688  0  0.560465  0  0.886275  0  0.55326  0  
12  0.378282  0  -0.880387  0  -0.239117  0  0.55527  0  0.910537  0  0.534193  0  
13  0.439791  0  -0.800028  0  -0.388325  0  0.586749  0  0.846867  0  0.566384  0  
14  0.561886  0  -0.723598  0  -0.386191  0  0.693629  0  0.775611  0  0.530761  0  
15  0.495292  0  -0.845927  0  -0.160541  0  0.637356  0  0.856136  0  0.506508  0  
