#site Sx Sy Sz Sx2 Sy2 Sz2
0  -0.825782  0  0.0804476  0  0.538775  0  0.826492  0  0.575501  0  0.598007  0  
1  -0.667303  0  0.0654361  0  0.737575  0  0.721884  0  0.510787  0  0.767329  0  
2  -0.684708  0  0.0514992  0  0.726244  0  0.740684  0  0.491238  0  0.768078  0  
3  -0.745609  0  0.0195873  0  0.663782  0  0.786094  0  0.484764  0  0.729142  0  
4  -0.797316  0  0.0986989  0  0.592287  0  0.817779  0  0.500375  0  0.681846  0  
5  -0.730201  0  0.0412239  0  0.656336  0  0.73529  0  0.592973  0  0.671737  0  
6  -0.803141  0  0.0458801  0  0.589115  0  0.835629  0  0.466823  0  0.697548  0  
7  -0.780001  0  -0.109299  0  0.602077  0  0.813377  0  0.478561  0  0.708062  0  
8  -0.775574  0  -0.011464  0  0.617422  0  0.78246  0  0.561426  0  0.656113  0  
9  -0.759229  0  -0.0180236  0  0.64945  0  0.784824  0  0.50988  0  0.705296  0  
10  -0.778733  0  -0.172224  0  0.582027  0  0.837044  0  0.472307  0  0.690649  0  
11  -0.850782  0  -0.0749559  0  0.51981  0  0.859644  0  0.512014  0  0.628342  0  
12  -0.823835  0  0.0539978  0  0.55966  0  0.830159  0  0.533804  0  0.636037  0  
13  -0.833744  0  0.0793442  0  0.543441  0  0.856182  0  0.482675  0  0.661143  0  
14  -0.787062  0  -0.053967  0  0.609831  0  0.79808  0  0.53842  0  0.6635  0  
15  -0.873172  0  0.0406788  0  0.465695  0  0.899758  0  0.444234  0  0.656008  0  
