#site Sx Sy Sz Sx2 Sy2 Sz2
0  -0.604585  0  0.602526  0  -0.239596  0  0.612548  0  0.698004  0  0.689448  0  
1  -0.893431  0  0.375638  0  -0.0485754  0  0.936953  0  0.625528  0  0.437519  0  
2  -0.894138  0  0.347782  0  0.12993  0  0.94168  0  0.671977  0  0.386343  0  
3  -0.652837  0  0.70148  0  -0.172994  0  0.693241  0  0.707852  0  0.598907  0  
4  -0.467261  0  0.743703  0  -0.28381  0  0.71435  0  0.784015  0  0.501635  0  
5  -0.634685  0  0.743995  0  0.0416377  0  0.682284  0  0.762282  0  0.555434  0  
6  -0.85665  0  0.221945  0  0.335922  0  0.89784  0  0.67941  0  0.422749  0  
7  -0.699203  0  0.527096  0  -0.0462299  0  0.761566  0  0.558656  0  0.679778  0  
8  -0.463033  0  0.793864  0  -0.284713  0  0.686043  0  0.879677  0  0.43428  0  
9  -0.842538  0  0.514406  0  0.101694  0  0.851884  0  0.597041  0  0.551075  0  
10  -0.752233  0  0.586419  0  -0.263236  0  0.774091  0  0.700476  0  0.525434  0  
11  -0.537516  0  0.618355  0  -0.372505  0  0.543179  0  0.767525  0  0.689297  0  
12  -0.949457  0  0.235939  0  0.0542792  0  0.970609  0  0.503065  0  0.526326  0  
13  -0.523307  0  0.769843  0  0.170544  0  0.737634  0  0.83603  0  0.426336  0  
14  -0.667469  0  0.686679  0  0.145781  0  0.703783  0  0.754738  0  0.541479  0  
15  -0.664023  0  0.72146  0  0.0423231  0  0.747319  0  0.792677  0  0.460004  0  
