#site Sx Sy Sz Sx2 Sy2 Sz2
0  0.696174  0  0.519702  0  -0.468215  0  0.774871  0  0.586328  0  0.638801  0  
1  0.771608  0  0.415084  0  -0.450225  0  0.789742  0  0.542475  0  0.667783  0  
2  0.446404  0  0.718619  0  -0.390915  0  0.729701  0  0.831067  0  0.439231  0  
3  0.661502  0  0.561919  0  -0.492925  0  0.729996  0  0.670804  0  0.5992  0  
4  0.596281  0  0.683689  0  -0.407678  0  0.707229  0  0.720929  0  0.571842  0  
5  0.554906  0  0.646976  0  -0.463144  0  0.586112  0  0.757345  0  0.656543  0  
6  0.706307  0  0.553316  0  -0.432518  0  0.758104  0  0.624249  0  0.617648  0  
7  0.655622  0  0.558925  0  -0.465916  0  0.668382  0  0.67879  0  0.652828  0  
8  0.62603  0  0.577144  0  -0.397381  0  0.766419  0  0.592863  0  0.640718  0  
9  0.341791  0  0.763647  0  -0.530494  0  0.615857  0  0.773772  0  0.610371  0  
10  0.813151  0  0.498481  0  -0.25317  0  0.865259  0  0.647337  0  0.487404  0  
11  0.662937  0  0.679574  0  -0.289226  0  0.725061  0  0.764702  0  0.510237  0  
12  0.795941  0  0.364733  0  -0.455072  0  0.812112  0  0.638263  0  0.549625  0  
13  0.854511  0  0.34987  0  -0.240257  0  0.874787  0  0.595252  0  0.529961  0  
14  0.860126  0  0.393962  0  -0.305589  0  0.863395  0  0.547579  0  0.589026  0  
15  0.798965  0  0.263197  0  -0.254653  0  0.88749  0  0.723154  0  0.389357  0  
