#site Sx Sy Sz Sx2 Sy2 Sz2
0  0.0506976  0  -0.359197  0  0.587815  0  0.753458  0  0.468929  0  0.777613  0  
1  0.653365  0  0.100696  0  0.582155  0  0.67003  0  0.719953  0  0.610017  0  
2  -0.248653  0  -0.0886237  0  -0.128297  0  0.727523  0  0.666243  0  0.606234  0  
3  -0.719322  0  0.122365  0  -0.0757746  0  0.971268  0  0.616344  0  0.412388  0  
4  -0.134068  0  -0.211128  0  0.742128  0  0.451129  0  0.624129  0  0.924741  0  
5  0.144195  0  0.314237  0  0.557561  0  0.391271  0  0.653137  0  0.955592  0  
6  -0.222609  0  -0.0959559  0  -0.296083  0  0.926401  0  0.277291  0  0.796308  0  
7  0.0650399  0  -0.404446  0  -0.0379827  0  0.899053  0  0.996212  0  0.104734  0  
8  -0.0133022  0  0.0941383  0  0.721384  0  0.618494  0  0.393496  0  0.98801  0  
9  -0.0589826  0  0.277097  0  0.690322  0  0.615202  0  0.454799  0  0.929999  0  
10  -0.0977263  0  0.348039  0  0.069934  0  0.844121  0  0.989673  0  0.166206  0  
11  0.446018  0  -0.639517  0  -0.558946  0  0.716586  0  0.691847  0  0.591568  0  
12  0.406339  0  0.055192  0  0.172615  0  0.940326  0  0.165931  0  0.893743  0  
13  -0.892201  0  -0.0124111  0  0.305606  0  0.949726  0  0.490851  0  0.559423  0  
14  -0.2296  0  -0.289491  0  -0.0366231  0  0.977872  0  0.97269  0  0.0494375  0  
15  0.183243  0  -0.860096  0  0.404399  0  0.63893  0  0.875  0  0.486071  0  
