#site Sx Sy Sz Sx2 Sy2 Sz2
0  -0.233765  0  0.561595  0  -0.617524  0  0.515142  0  0.654997  0  0.829861  0  
1  0.00925123  0  0.609379  0  -0.518286  0  0.23245  0  0.90396  0  0.86359  0  
2  0.107563  0  0.763614  0  -0.63562  0  0.522038  0  0.784517  0  0.693445  0  
3  -0.24578  0  0.767351  0  -0.411133  0  0.356752  0  0.872315  0  0.770933  0  
4  -0.498258  0  0.403414  0  -0.740104  0  0.620455  0  0.636643  0  0.742902  0  
5  0.0199479  0  0.0978347  0  -0.27814  0  0.207319  0  0.834169  0  0.958512  0  
6  0.063313  0  0.632278  0  -0.588285  0  0.749404  0  0.649869  0  0.600728  0  
7  -0.375888  0  0.491807  0  -0.749138  0  0.52825  0  0.626784  0  0.844966  0  
8  -0.362666  0  0.698242  0  -0.547636  0  0.578235  0  0.710774  0  0.710991  0  
9  -0.0606584  0  0.439293  0  -0.87697  0  0.571944  0  0.540787  0  0.88727  0  
10  0.100896  0  -0.308123  0  0.412901  0  0.717805  0  0.610531  0  0.671664  0  
11  -0.136095  0  0.041279  0  -0.915328  0  0.683711  0  0.323764  0  0.992525  0  
12  -0.605321  0  0.411827  0  0.0277116  0  0.944668  0  0.88874  0  0.166592  0  
13  0.06303  0  0.624976  0  -0.774216  0  0.467915  0  0.718276  0  0.813809  0  
14  -0.354888  0  0.74548  0  -0.505883  0  0.652422  0  0.748208  0  0.59937  0  
15  -0.142857  0  0.499019  0  -0.841619  0  0.507853  0  0.638729  0  0.853418  0  
