#site Sx Sy Sz Sx2 Sy2 Sz2
0  -0.687908  0  -0.71251  0  0.120813  0  0.722633  0  0.738556  0  0.538811  0  
1  -0.701963  0  -0.671077  0  0.229241  0  0.763613  0  0.733535  0  0.502852  0  
2  -0.642639  0  -0.723782  0  0.234739  0  0.719292  0  0.784805  0  0.495903  0  
3  -0.706441  0  -0.682736  0  0.145653  0  0.765381  0  0.732067  0  0.502552  0  
4  -0.750983  0  -0.629213  0  0.1853  0  0.779773  0  0.710253  0  0.509974  0  
5  -0.699481  0  -0.656953  0  0.275983  0  0.737696  0  0.723783  0  0.538521  0  
6  -0.660051  0  -0.702533  0  0.265472  0  0.713368  0  0.7433  0  0.543332  0  
7  -0.700956  0  -0.678935  0  0.182894  0  0.765144  0  0.764347  0  0.470509  0  
8  -0.716106  0  -0.626169  0  0.278294  0  0.742497  0  0.660123  0  0.59738  0  
9  -0.69449  0  -0.663877  0  0.272653  0  0.754941  0  0.728824  0  0.516235  0  
10  -0.643947  0  -0.72688  0  0.231213  0  0.721742  0  0.76503  0  0.513228  0  
11  -0.761681  0  -0.615065  0  0.19618  0  0.797539  0  0.686555  0  0.515906  0  
12  -0.717591  0  -0.64872  0  0.245668  0  0.743549  0  0.699355  0  0.557096  0  
13  -0.708158  0  -0.683273  0  0.169489  0  0.743315  0  0.734402  0  0.522283  0  
14  -0.689826  0  -0.688908  0  0.217272  0  0.746597  0  0.75053  0  0.502873  0  
15  -0.716034  0  -0.649006  0  0.247329  0  0.740952  0  0.69728  0  0.561768  0  
