#site Sx Sy Sz Sx2 Sy2 Sz2
0  0.3268  0  0.638853  0  -0.671504  0  0.560349  0  0.677965  0  0.761686  0  
1  0.0494507  0  0.401377  0  -0.376013  0  0.816279  0  0.59395  0  0.589772  0  
2  0.213685  0  0.418804  0  0.517099  0  0.477082  0  0.827558  0  0.69536  0  
3  0.472216  0  0.644895  0  -0.0589854  0  0.595882  0  0.754422  0  0.649696  0  
4  0.832605  0  0.4544  0  0.176854  0  0.853379  0  0.635964  0  0.510657  0  
5  -0.231514  0  0.781371  0  0.435735  0  0.365832  0  0.906416  0  0.727752  0  
6  -0.442831  0  0.288126  0  0.182223  0  0.948347  0  0.545928  0  0.505725  0  
7  0.315497  0  0.254687  0  0.291655  0  0.535285  0  0.527489  0  0.937226  0  
8  0.728603  0  0.344257  0  0.377255  0  0.876669  0  0.389235  0  0.734096  0  
9  0.124415  0  0.497638  0  0.0587408  0  0.216372  0  0.965224  0  0.818404  0  
10  0.272599  0  -0.0299332  0  0.374096  0  0.887288  0  0.149228  0  0.963483  0  
11  0.141116  0  0.27954  0  0.498102  0  0.25168  0  0.889218  0  0.859102  0  
12  0.658159  0  0.225321  0  -0.560392  0  0.822756  0  0.542911  0  0.634333  0  
13  0.32171  0  0.803108  0  -0.135661  0  0.377308  0  0.885738  0  0.736954  0  
14  0.452259  0  0.499951  0  -0.00375672  0  0.562142  0  0.6395  0  0.798358  0  
15  0.606115  0  0.731793  0  0.109002  0  0.78723  0  0.842423  0  0.370347  0  
