#site Sx Sy Sz Sx2 Sy2 Sz2
0  0.902226  0  0.423326  0  -0.00523091  0  0.917057  0  0.623101  0  0.459842  0  
1  0.919742  0  0.38796  0  -0.0276411  0  0.922115  0  0.561241  0  0.516644  0  
2  0.951445  0  0.300847  0  -0.0542866  0  0.953252  0  0.551666  0  0.495082  0  
3  0.886681  0  0.445984  0  -0.117282  0  0.894085  0  0.593961  0  0.511954  0  
4  0.873993  0  0.435779  0  -0.122492  0  0.876889  0  0.559233  0  0.563878  0  
5  0.835043  0  0.543679  0  -0.0742109  0  0.843178  0  0.634362  0  0.52246  0  
6  0.820713  0  0.559898  0  -0.108551  0  0.841527  0  0.661878  0  0.496595  0  
7  0.849047  0  0.501924  0  -0.0121146  0  0.850399  0  0.571024  0  0.578578  0  
8  0.825887  0  0.558623  0  -0.0710213  0  0.844853  0  0.661632  0  0.493515  0  
9  0.87154  0  0.476743  0  -0.114234  0  0.878975  0  0.610132  0  0.510892  0  
10  0.903253  0  0.419255  0  -0.0227205  0  0.904664  0  0.556273  0  0.539064  0  
11  0.892502  0  0.441385  0  -0.0710087  0  0.897822  0  0.598624  0  0.503554  0  
12  0.880943  0  0.461989  0  0.0996916  0  0.885589  0  0.598341  0  0.51607  0  
13  0.898627  0  0.416574  0  -0.0350345  0  0.919035  0  0.632117  0  0.448847  0  
14  0.89545  0  0.436674  0  -0.0370696  0  0.903602  0  0.590924  0  0.505473  0  
15  0.824432  0  0.545516  0  -0.117904  0  0.838175  0  0.656226  0  0.505599  0  
