#site Sx Sy Sz Sx2 Sy2 Sz2
0  -0.750002  0  0.468774  0  0.456173  0  0.805139  0  0.598244  0  0.596617  0  
1  -0.858043  0  0.229769  0  0.438203  0  0.871382  0  0.584297  0  0.544321  0  
2  -0.887092  0  0.141643  0  0.404558  0  0.897308  0  0.50271  0  0.599982  0  
3  -0.88602  0  0.0856063  0  0.348625  0  0.950039  0  0.381165  0  0.668796  0  
4  -0.830461  0  -0.0419138  0  0.487116  0  0.837083  0  0.633981  0  0.528936  0  
5  -0.916615  0  0.115732  0  0.380202  0  0.923583  0  0.485518  0  0.590899  0  
6  -0.886645  0  -0.108983  0  0.43301  0  0.909985  0  0.446595  0  0.64342  0  
7  -0.767964  0  0.0598261  0  0.610622  0  0.79987  0  0.529099  0  0.671031  0  
8  -0.902447  0  0.183072  0  0.38357  0  0.907837  0  0.497788  0  0.594375  0  
9  -0.883633  0  0.256286  0  0.283293  0  0.934004  0  0.422551  0  0.643445  0  
10  -0.89033  0  -0.029516  0  0.378543  0  0.941506  0  0.376559  0  0.681935  0  
11  -0.734502  0  -0.117906  0  0.639783  0  0.813666  0  0.419141  0  0.767192  0  
12  -0.917167  0  0.10508  0  0.374939  0  0.91724  0  0.538831  0  0.543928  0  
13  -0.996632  0  -0.00891092  0  0.0446937  0  0.999024  0  0.474207  0  0.526769  0  
14  -0.777705  0  -0.0111747  0  0.498134  0  0.848567  0  0.527611  0  0.623822  0  
15  -0.841157  0  -0.179769  0  0.383276  0  0.927122  0  0.488727  0  0.584152  0  
