#site Sx Sy Sz Sx2 Sy2 Sz2
0  -0.079253  0  -0.84598  0  -0.481812  0  0.463559  0  0.877717  0  0.658724  0  
1  -0.228085  0  -0.929932  0  -0.269566  0  0.507927  0  0.943382  0  0.548691  0  
2  -0.0234989  0  -0.929516  0  -0.349407  0  0.46098  0  0.94204  0  0.59698  0  
3  -0.0465342  0  -0.855363  0  -0.497932  0  0.460311  0  0.8851  0  0.654589  0  
4  -0.145346  0  -0.90395  0  -0.392041  0  0.513521  0  0.906698  0  0.579782  0  
5  -0.215661  0  -0.871681  0  -0.413128  0  0.46197  0  0.891627  0  0.646403  0  
6  -0.381102  0  -0.792569  0  -0.47244  0  0.549662  0  0.822893  0  0.627444  0  
7  -0.100366  0  -0.825641  0  -0.516255  0  0.604605  0  0.829944  0  0.565451  0  
8  -0.134489  0  -0.942841  0  -0.257713  0  0.429339  0  0.960822  0  0.609839  0  
9  -0.0882067  0  -0.896687  0  -0.40666  0  0.516328  0  0.914361  0  0.569311  0  
10  -0.126388  0  -0.931781  0  -0.280185  0  0.423467  0  0.953686  0  0.622848  0  
11  -0.0447481  0  -0.843717  0  -0.518451  0  0.450736  0  0.877656  0  0.671608  0  
12  -0.209058  0  -0.819818  0  -0.485139  0  0.467699  0  0.848681  0  0.68362  0  
13  -0.0539505  0  -0.9177  0  -0.337971  0  0.572475  0  0.933191  0  0.494334  0  
14  -0.161897  0  -0.817352  0  -0.545985  0  0.524693  0  0.826863  0  0.648444  0  
15  -0.209625  0  -0.8019  0  -0.523561  0  0.488051  0  0.826332  0  0.685617  0  
