#site Sx Sy Sz Sx2 Sy2 Sz2
0  0.779401  0  0.337493  0  -0.499898  0  0.83622  0  0.569623  0  0.594158  0  
1  0.652819  0  0.507578  0  -0.5439  0  0.709088  0  0.590536  0  0.700376  0  
2  0.725945  0  0.267182  0  -0.587089  0  0.831557  0  0.460428  0  0.708015  0  
3  0.801835  0  0.223171  0  -0.546919  0  0.839403  0  0.498589  0  0.662008  0  
4  0.710134  0  0.312503  0  -0.624798  0  0.768166  0  0.510304  0  0.72153  0  
5  0.720612  0  0.525064  0  -0.419482  0  0.752271  0  0.700215  0  0.547514  0  
6  0.737607  0  0.559489  0  -0.378024  0  0.772057  0  0.657333  0  0.57061  0  
7  0.714673  0  0.286345  0  -0.598009  0  0.748454  0  0.515887  0  0.735658  0  
8  0.539865  0  0.319333  0  -0.748378  0  0.652093  0  0.597361  0  0.750545  0  
9  0.855975  0  0.363488  0  -0.352867  0  0.858915  0  0.547909  0  0.593177  0  
10  0.75479  0  0.395462  0  -0.519264  0  0.784229  0  0.603962  0  0.61181  0  
11  0.594013  0  0.286817  0  -0.743878  0  0.690065  0  0.506478  0  0.803456  0  
12  0.655663  0  0.398869  0  -0.625957  0  0.754939  0  0.527557  0  0.717503  0  
13  0.828776  0  0.232665  0  -0.504131  0  0.855883  0  0.501719  0  0.642398  0  
14  0.750886  0  0.232758  0  -0.61154  0  0.799851  0  0.511366  0  0.688783  0  
15  0.821914  0  0.206008  0  -0.500308  0  0.823329  0  0.568755  0  0.607916  0  
