#site Sx Sy Sz Sx2 Sy2 Sz2
0  -0.875091  0  -0.480942  0  0.0494129  0  0.883253  0  0.614367  0  0.50238  0  
1  -0.886984  0  -0.45264  0  0.0859099  0  0.890447  0  0.59045  0  0.519104  0  
2  -0.848752  0  -0.519647  0  0.0890216  0  0.862849  0  0.634843  0  0.502308  0  
3  -0.845512  0  -0.525011  0  0.0926838  0  0.86035  0  0.64738  0  0.492269  0  
4  -0.871642  0  -0.489107  0  0.0144546  0  0.881147  0  0.62205  0  0.496803  0  
5  -0.874723  0  -0.48337  0  0.0254128  0  0.880017  0  0.607766  0  0.512217  0  
6  -0.835873  0  -0.530798  0  0.130871  0  0.847707  0  0.627154  0  0.525139  0  
7  -0.834188  0  -0.532047  0  0.117254  0  0.850047  0  0.626612  0  0.52334  0  
8  -0.820762  0  -0.559388  0  0.0986915  0  0.846666  0  0.669461  0  0.483874  0  
9  -0.859672  0  -0.504545  0  0.0723752  0  0.867733  0  0.624995  0  0.507272  0  
10  -0.837699  0  -0.530291  0  0.129217  0  0.853744  0  0.645508  0  0.500748  0  
11  -0.839132  0  -0.532778  0  0.0945001  0  0.845835  0  0.629557  0  0.524607  0  
12  -0.874321  0  -0.476996  0  0.0634352  0  0.881798  0  0.614997  0  0.503205  0  
13  -0.873871  0  -0.475936  0  0.0938493  0  0.878503  0  0.603292  0  0.518205  0  
14  -0.847901  0  -0.528222  0  0.0447061  0  0.860387  0  0.641954  0  0.497659  0  
15  -0.876981  0  -0.475973  0  0.0527495  0  0.881725  0  0.599771  0  0.518504  0  
