#site Sx Sy Sz Sx2 Sy2 Sz2
0  -0.372584  0  -0.861483  0  -0.135097  0  0.669291  0  0.940347  0  0.390362  0  
1  0.0571131  0  -0.397598  0  -0.544298  0  0.336168  0  0.808578  0  0.855254  0  
2  -0.299  0  -0.746621  0  -0.328051  0  0.494219  0  0.814071  0  0.69171  0  
3  -0.689726  0  0.310499  0  -0.0651715  0  0.966626  0  0.777382  0  0.255992  0  
4  -0.215209  0  0.261832  0  0.0511948  0  0.418928  0  0.657709  0  0.923363  0  
5  0.175782  0  0.180898  0  0.00776926  0  0.530105  0  0.542704  0  0.927191  0  
6  0.3115  0  0.212141  0  -0.654922  0  0.78249  0  0.2735  0  0.94401  0  
7  -0.183683  0  0.0134939  0  -0.225448  0  0.438209  0  0.917059  0  0.644732  0  
8  0.797328  0  -0.445413  0  -0.120934  0  0.844118  0  0.474118  0  0.681765  0  
9  -0.202713  0  -0.455339  0  0.475779  0  0.221694  0  0.862305  0  0.916001  0  
10  -0.278229  0  0.194437  0  0.363302  0  0.788557  0  0.621589  0  0.589854  0  
11  0.101125  0  -0.012054  0  0.101942  0  0.511587  0  0.9852  0  0.503214  0  
12  0.376495  0  -0.0734617  0  -0.0240408  0  0.993833  0  0.961796  0  0.0443713  0  
13  -0.290429  0  -0.0883501  0  -0.550932  0  0.611421  0  0.447799  0  0.94078  0  
14  -0.45527  0  0.228346  0  0.265302  0  0.770736  0  0.922474  0  0.306789  0  
15  0.598737  0  0.320108  0  -0.623422  0  0.720533  0  0.446684  0  0.832783  0  
