#site Sx Sy Sz Sx2 Sy2 Sz2
0  0.249102  0  -0.0128477  0  0.90896  0  0.599775  0  0.429252  0  0.970973  0  
1  0.0367375  0  0.106067  0  0.484376  0  0.793899  0  0.23357  0  0.972531  0  
2  0.0427204  0  0.867932  0  -0.167291  0  0.44557  0  0.97878  0  0.575649  0  
3  0.409801  0  0.446651  0  -0.74517  0  0.620741  0  0.532626  0  0.846632  0  
4  -0.0136433  0  0.316027  0  0.795721  0  0.667731  0  0.425453  0  0.906817  0  
5  -0.244429  0  -0.326177  0  0.729698  0  0.351049  0  0.786503  0  0.862448  0  
6  0.00238031  0  0.377015  0  0.833878  0  0.405691  0  0.663514  0  0.930795  0  
7  0.0802388  0  0.305785  0  -0.508711  0  0.19843  0  0.890167  0  0.911403  0  
8  0.00744098  0  0.689513  0  0.627862  0  0.663943  0  0.69963  0  0.636427  0  
9  0.290217  0  -0.6057  0  0.569377  0  0.450203  0  0.716816  0  0.832981  0  
10  0.409648  0  0.485629  0  0.599291  0  0.706608  0  0.686828  0  0.606564  0  
11  0.531418  0  0.0720397  0  -0.0744594  0  0.982003  0  0.0961226  0  0.921874  0  
12  0.711655  0  -0.0215177  0  0.225154  0  0.928153  0  0.747158  0  0.324689  0  
13  0.726803  0  0.0257226  0  0.0869539  0  0.996662  0  0.160705  0  0.842633  0  
14  0.0240389  0  -0.0105707  0  -0.0551246  0  0.162779  0  0.972483  0  0.864738  0  
15  0.266737  0  0.505856  0  0.33086  0  0.872609  0  0.676418  0  0.450973  0  
