#site Sx Sy Sz Sx2 Sy2 Sz2
0  0.200163  0  -0.811283  0  0.547597  0  0.527794  0  0.831171  0  0.641035  0  
1  0.107772  0  -0.821948  0  0.558667  0  0.508707  0  0.835854  0  0.655439  0  
2  0.214817  0  -0.844428  0  0.490587  0  0.524185  0  0.857316  0  0.6185  0  
3  0.193751  0  -0.834977  0  0.514279  0  0.511238  0  0.848792  0  0.63997  0  
4  0.18289  0  -0.845492  0  0.497687  0  0.487549  0  0.864418  0  0.648033  0  
5  0.17241  0  -0.801761  0  0.570391  0  0.492667  0  0.829095  0  0.678238  0  
6  0.153183  0  -0.810096  0  0.564658  0  0.52461  0  0.826469  0  0.648921  0  
7  0.213909  0  -0.834807  0  0.506601  0  0.515627  0  0.85253  0  0.631843  0  
8  0.192651  0  -0.872645  0  0.446659  0  0.539097  0  0.878274  0  0.582629  0  
9  0.159189  0  -0.833101  0  0.527484  0  0.530254  0  0.845374  0  0.624372  0  
10  0.0905877  0  -0.805014  0  0.58571  0  0.509761  0  0.821285  0  0.668955  0  
11  0.218898  0  -0.844609  0  0.485509  0  0.53765  0  0.859143  0  0.603207  0  
12  0.27558  0  -0.828466  0  0.486729  0  0.542776  0  0.839258  0  0.617966  0  
13  0.206458  0  -0.825596  0  0.524675  0  0.528911  0  0.837509  0  0.63358  0  
14  0.197884  0  -0.838612  0  0.507501  0  0.521435  0  0.851217  0  0.627348  0  
15  0.238867  0  -0.832695  0  0.495878  0  0.507624  0  0.848546  0  0.64383  0  
