#site Sx Sy Sz Sx2 Sy2 Sz2
0  -0.978206  0  0.143558  0  -0.113483  0  0.983192  0  0.464181  0  0.552627  0  
1  -0.980735  0  -0.0131393  0  -0.192352  0  0.98084  0  0.515529  0  0.503631  0  
2  -0.973197  0  0.00174136  0  -0.205731  0  0.976506  0  0.549412  0  0.474082  0  
3  -0.956796  0  0.0609213  0  -0.25132  0  0.970114  0  0.435764  0  0.594122  0  
4  -0.9524  0  0.0652573  0  -0.240694  0  0.973419  0  0.436782  0  0.589799  0  
5  -0.979365  0  -0.0770353  0  -0.183304  0  0.980923  0  0.490222  0  0.528855  0  
6  -0.985147  0  0.0554147  0  -0.155438  0  0.986989  0  0.480595  0  0.532416  0  
7  -0.974942  0  0.126526  0  -0.176887  0  0.977401  0  0.502662  0  0.519937  0  
8  -0.957254  0  -0.0363506  0  -0.266223  0  0.967334  0  0.452205  0  0.580461  0  
9  -0.981234  0  -0.063125  0  -0.178379  0  0.981693  0  0.519677  0  0.49863  0  
10  -0.946996  0  -0.0257363  0  -0.317911  0  0.947341  0  0.518386  0  0.534274  0  
11  -0.918692  0  0.166517  0  -0.349476  0  0.924982  0  0.484318  0  0.5907  0  
12  -0.969953  0  -0.00891564  0  -0.237837  0  0.970182  0  0.525238  0  0.50458  0  
13  -0.985976  0  0.0284164  0  -0.109  0  0.993582  0  0.528627  0  0.477791  0  
14  -0.982826  0  -0.0203763  0  -0.181197  0  0.983724  0  0.48763  0  0.528646  0  
15  -0.947454  0  0.0397683  0  -0.282195  0  0.958136  0  0.524407  0  0.517457  0  
