#site Sx Sy Sz Sx2 Sy2 Sz2
0  0.446219  0  0.380139  0  0.796992  0  0.655808  0  0.511881  0  0.832311  0  
1  0.435046  0  0.374664  0  0.812351  0  0.571303  0  0.608467  0  0.82023  0  
2  0.558355  0  0.234894  0  0.779985  0  0.623424  0  0.557959  0  0.818617  0  
3  0.455438  0  0.341133  0  0.814527  0  0.564197  0  0.593925  0  0.841879  0  
4  0.335959  0  0.376205  0  0.858846  0  0.554378  0  0.562605  0  0.883018  0  
5  0.476528  0  0.359438  0  0.768804  0  0.56619  0  0.589085  0  0.844725  0  
6  0.553552  0  0.364331  0  0.740254  0  0.688747  0  0.518146  0  0.793107  0  
7  0.437138  0  0.277198  0  0.837015  0  0.579759  0  0.583094  0  0.837147  0  
8  0.269171  0  0.309712  0  0.909553  0  0.543445  0  0.546679  0  0.909876  0  
9  0.589146  0  0.351281  0  0.722261  0  0.684755  0  0.531595  0  0.78365  0  
10  0.529717  0  0.353956  0  0.746458  0  0.662128  0  0.586292  0  0.75158  0  
11  0.491714  0  0.299793  0  0.814092  0  0.623908  0  0.554482  0  0.82161  0  
12  0.546946  0  0.327428  0  0.763005  0  0.623945  0  0.600038  0  0.776017  0  
13  0.585785  0  0.335616  0  0.736497  0  0.681657  0  0.538317  0  0.780027  0  
14  0.652229  0  0.363352  0  0.664583  0  0.720539  0  0.553313  0  0.726148  0  
15  0.527132  0  0.1964  0  0.822002  0  0.608134  0  0.56019  0  0.831676  0  
