#site Sx Sy Sz Sx2 Sy2 Sz2
0  -0.891937  0  0.13811  0  0.361389  0  0.936891  0  0.468119  0  0.59499  0  
1  -0.864608  0  0.366375  0  0.250107  0  0.878504  0  0.622066  0  0.49943  0  
2  -0.85814  0  0.114286  0  0.331384  0  0.90856  0  0.691102  0  0.400338  0  
3  -0.807935  0  0.135272  0  0.506628  0  0.887014  0  0.430836  0  0.682151  0  
4  -0.944878  0  0.120316  0  -0.127914  0  0.98109  0  0.394014  0  0.624896  0  
5  -0.722792  0  0.358778  0  0.483829  0  0.829895  0  0.42796  0  0.742145  0  
6  -0.900641  0  0.231509  0  0.055764  0  0.97143  0  0.507777  0  0.520793  0  
7  -0.752953  0  0.368751  0  0.507887  0  0.783999  0  0.652408  0  0.563592  0  
8  -0.820086  0  -0.0657779  0  0.420468  0  0.88443  0  0.595746  0  0.519824  0  
9  -0.705975  0  0.260243  0  0.578259  0  0.789585  0  0.602697  0  0.607718  0  
10  -0.883572  0  -0.0789617  0  0.393353  0  0.917636  0  0.44449  0  0.637874  0  
11  -0.946201  0  0.273841  0  0.15081  0  0.949669  0  0.500296  0  0.550035  0  
12  -0.65564  0  0.355859  0  0.527379  0  0.8273  0  0.595782  0  0.576918  0  
13  -0.661754  0  0.632797  0  0.387814  0  0.717778  0  0.670967  0  0.611254  0  
14  -0.607931  0  0.406537  0  0.310582  0  0.799261  0  0.854727  0  0.346012  0  
15  -0.796551  0  0.299289  0  0.368061  0  0.861662  0  0.716651  0  0.421687  0  
