#site Sx Sy Sz Sx2 Sy2 Sz2
0  0.246914  0  -0.0250736  0  -0.968666  0  0.528089  0  0.502917  0  0.968994  0  
1  0.258431  0  -0.0605294  0  -0.963796  0  0.527353  0  0.508656  0  0.963991  0  
2  0.262517  0  0.0227489  0  -0.964065  0  0.545015  0  0.488812  0  0.966173  0  
3  0.229514  0  -0.00772381  0  -0.972047  0  0.504441  0  0.523241  0  0.972318  0  
4  0.242342  0  -0.0542079  0  -0.965203  0  0.491633  0  0.541459  0  0.966908  0  
5  0.261994  0  -0.052119  0  -0.961089  0  0.562871  0  0.470479  0  0.96665  0  
6  0.280655  0  -0.0396577  0  -0.958514  0  0.546332  0  0.4936  0  0.960068  0  
7  0.255835  0  -0.0547521  0  -0.964957  0  0.523306  0  0.511568  0  0.965126  0  
8  0.243526  0  -0.047373  0  -0.967674  0  0.548949  0  0.480491  0  0.970559  0  
9  0.217184  0  -0.035263  0  -0.974589  0  0.504804  0  0.520463  0  0.974733  0  
10  0.232929  0  -0.0757058  0  -0.968769  0  0.516634  0  0.513365  0  0.970001  0  
11  0.19234  0  -0.0259767  0  -0.977855  0  0.488299  0  0.531563  0  0.980138  0  
12  0.234289  0  -0.0197949  0  -0.971591  0  0.537763  0  0.489381  0  0.972856  0  
13  0.306659  0  -0.0609811  0  -0.949495  0  0.548146  0  0.501177  0  0.950677  0  
14  0.235396  0  -0.0293568  0  -0.967171  0  0.511941  0  0.516755  0  0.971304  0  
15  0.26138  0  -0.0191679  0  -0.96409  0  0.549606  0  0.483535  0  0.966859  0  
