#site Sx Sy Sz Sx2 Sy2 Sz2
0  -0.711482  0  -0.391993  0  0.573004  0  0.782613  0  0.548848  0  0.668539  0  
1  -0.719536  0  -0.436188  0  0.532071  0  0.752669  0  0.633874  0  0.613457  0  
2  -0.856028  0  -0.197815  0  0.470931  0  0.876611  0  0.481546  0  0.641843  0  
3  -0.784725  0  -0.288839  0  0.537214  0  0.795898  0  0.592518  0  0.611584  0  
4  -0.699554  0  -0.373756  0  0.603705  0  0.755113  0  0.582876  0  0.662011  0  
5  -0.75886  0  -0.405857  0  0.503883  0  0.78976  0  0.555012  0  0.655227  0  
6  -0.790945  0  -0.213834  0  0.571936  0  0.820475  0  0.509929  0  0.669596  0  
7  -0.788309  0  -0.297216  0  0.531734  0  0.805751  0  0.582505  0  0.611744  0  
8  -0.780693  0  -0.319492  0  0.528947  0  0.793158  0  0.552909  0  0.653933  0  
9  -0.699947  0  -0.460075  0  0.54223  0  0.748745  0  0.58167  0  0.669585  0  
10  -0.849443  0  -0.14151  0  0.502636  0  0.866668  0  0.513722  0  0.619609  0  
11  -0.815914  0  -0.285956  0  0.501317  0  0.835326  0  0.525937  0  0.638737  0  
12  -0.773493  0  -0.426656  0  0.466066  0  0.798348  0  0.573395  0  0.628257  0  
13  -0.782695  0  -0.39367  0  0.469414  0  0.823201  0  0.533922  0  0.642877  0  
14  -0.845251  0  -0.219107  0  0.485114  0  0.85418  0  0.521433  0  0.624387  0  
15  -0.807434  0  -0.255613  0  0.530483  0  0.820268  0  0.547175  0  0.632557  0  
