#site Sx Sy Sz Sx2 Sy2 Sz2
0  -0.955476  0  -0.294342  0  -0.00227258  0  0.956796  0  0.544916  0  0.498288  0  
1  -0.924828  0  -0.375932  0  -0.0339032  0  0.931827  0  0.590941  0  0.477232  0  
2  -0.94555  0  -0.30981  0  -0.00439404  0  0.949228  0  0.525978  0  0.524793  0  
3  -0.933059  0  -0.344212  0  -0.0520289  0  0.938585  0  0.545024  0  0.516391  0  
4  -0.963346  0  -0.249002  0  -0.0742737  0  0.967758  0  0.538272  0  0.49397  0  
5  -0.921307  0  -0.370169  0  -0.114319  0  0.922737  0  0.554357  0  0.522906  0  
6  -0.9596  0  -0.27317  0  -0.0563514  0  0.961243  0  0.546441  0  0.492316  0  
7  -0.952248  0  -0.273527  0  -0.112214  0  0.955974  0  0.562722  0  0.481304  0  
8  -0.945737  0  -0.285289  0  -0.153575  0  0.947199  0  0.529972  0  0.522829  0  
9  -0.910343  0  -0.402448  0  -0.0844919  0  0.913099  0  0.564392  0  0.522509  0  
10  -0.921136  0  -0.375131  0  -0.101428  0  0.925009  0  0.568146  0  0.506846  0  
11  -0.947429  0  -0.250712  0  -0.140072  0  0.952037  0  0.492587  0  0.555376  0  
12  -0.920597  0  -0.372432  0  -0.111896  0  0.926834  0  0.58419  0  0.488976  0  
13  -0.94258  0  -0.310778  0  -0.11928  0  0.943278  0  0.536406  0  0.520316  0  
14  -0.956137  0  -0.243279  0  -0.133892  0  0.962703  0  0.573561  0  0.463736  0  
15  -0.965176  0  -0.243482  0  -0.0166224  0  0.971007  0  0.551982  0  0.477011  0  
