#site Sx Sy Sz Sx2 Sy2 Sz2
0  -0.338561  0  0.221165  0  0.902832  0  0.617923  0  0.457481  0  0.924596  0  
1  -0.41125  0  0.336997  0  0.841442  0  0.561162  0  0.592701  0  0.846137  0  
2  -0.339765  0  0.274865  0  0.896625  0  0.580512  0  0.510202  0  0.909286  0  
3  -0.407628  0  0.2141  0  0.883896  0  0.577532  0  0.522386  0  0.900082  0  
4  -0.563695  0  0.141094  0  0.803645  0  0.670886  0  0.484718  0  0.844396  0  
5  -0.514031  0  0.187157  0  0.8039  0  0.602351  0  0.542571  0  0.855078  0  
6  -0.383466  0  0.180245  0  0.902911  0  0.575256  0  0.509492  0  0.915252  0  
7  -0.45706  0  0.185205  0  0.867704  0  0.622595  0  0.491916  0  0.885489  0  
8  -0.526969  0  0.146236  0  0.832975  0  0.637607  0  0.506193  0  0.8562  0  
9  -0.482509  0  0.170135  0  0.854894  0  0.649653  0  0.475702  0  0.874645  0  
10  -0.413751  0  0.267144  0  0.869097  0  0.592386  0  0.533605  0  0.874009  0  
11  -0.360316  0  0.141348  0  0.904824  0  0.516426  0  0.574622  0  0.908952  0  
12  -0.432007  0  0.243213  0  0.865801  0  0.581733  0  0.536328  0  0.881939  0  
13  -0.429253  0  0.251476  0  0.86242  0  0.580798  0  0.55569  0  0.863513  0  
14  -0.346329  0  0.234647  0  0.907156  0  0.575527  0  0.513709  0  0.910764  0  
15  -0.434039  0  0.189652  0  0.877314  0  0.595744  0  0.523881  0  0.880375  0  
