#site Sx Sy Sz Sx2 Sy2 Sz2
0  -0.120718  0  -0.881084  0  0.45697  0  0.504653  0  0.887998  0  0.60735  0  
1  -0.14044  0  -0.871229  0  0.470036  0  0.512879  0  0.878033  0  0.609088  0  
2  -0.136381  0  -0.872956  0  0.468343  0  0.509215  0  0.880956  0  0.609829  0  
3  -0.143211  0  -0.867517  0  0.476071  0  0.517989  0  0.874895  0  0.607116  0  
4  -0.131363  0  -0.86562  0  0.483066  0  0.512989  0  0.873477  0  0.613534  0  
5  -0.130806  0  -0.874677  0  0.466623  0  0.510904  0  0.881613  0  0.607484  0  
6  -0.135373  0  -0.869035  0  0.475101  0  0.522328  0  0.874787  0  0.602886  0  
7  -0.121883  0  -0.878512  0  0.4616  0  0.509084  0  0.886492  0  0.604424  0  
8  -0.144473  0  -0.884815  0  0.44285  0  0.506058  0  0.892652  0  0.60129  0  
9  -0.137455  0  -0.869042  0  0.474774  0  0.519848  0  0.875723  0  0.60443  0  
10  -0.123613  0  -0.873433  0  0.470108  0  0.519186  0  0.878399  0  0.602415  0  
11  -0.118238  0  -0.884046  0  0.452063  0  0.505439  0  0.890619  0  0.603942  0  
12  -0.135534  0  -0.877574  0  0.459717  0  0.503099  0  0.886306  0  0.610594  0  
13  -0.129372  0  -0.87153  0  0.472912  0  0.507598  0  0.879584  0  0.612818  0  
14  -0.132985  0  -0.880296  0  0.455316  0  0.505315  0  0.888491  0  0.606194  0  
15  -0.115874  0  -0.872766  0  0.47397  0  0.506507  0  0.880291  0  0.613203  0  
