#site Sx Sy Sz Sx2 Sy2 Sz2
0  -0.025718  0  -0.903637  0  0.344795  0  0.589983  0  0.923227  0  0.48679  0  
1  -0.0344719  0  -0.991617  0  0.00666984  0  0.505532  0  0.999351  0  0.495117  0  
2  -0.184531  0  -0.970438  0  0.055048  0  0.510533  0  0.979307  0  0.510159  0  
3  0.249603  0  -0.90758  0  0.241046  0  0.510916  0  0.921571  0  0.567513  0  
4  0.0804813  0  -0.992272  0  0.00952003  0  0.542782  0  0.996904  0  0.460314  0  
5  0.189892  0  -0.965613  0  0.00410733  0  0.600972  0  0.984519  0  0.414509  0  
6  0.131608  0  -0.967571  0  0.178993  0  0.567143  0  0.973569  0  0.459288  0  
7  0.223866  0  -0.972411  0  0.0324116  0  0.550174  0  0.97579  0  0.474036  0  
8  0.140969  0  -0.988821  0  -0.0236974  0  0.51647  0  0.989757  0  0.493773  0  
9  0.16545  0  -0.955856  0  -0.188027  0  0.439365  0  0.968544  0  0.592091  0  
10  0.103372  0  -0.984042  0  0.143707  0  0.505892  0  0.984055  0  0.510053  0  
11  0.00849242  0  -0.979462  0  0.0460495  0  0.559001  0  0.998671  0  0.442328  0  
12  0.218746  0  -0.949659  0  -0.0776478  0  0.519278  0  0.975369  0  0.505353  0  
13  0.0451909  0  -0.984021  0  -0.108655  0  0.567687  0  0.9923  0  0.440013  0  
14  0.0509832  0  -0.995013  0  -0.0573105  0  0.531252  0  0.996962  0  0.471786  0  
15  -0.0682435  0  -0.989741  0  0.00470354  0  0.495405  0  0.997631  0  0.506965  0  
