#site Sx Sy Sz Sx2 Sy2 Sz2
0  0.156226  0  0.863599  0  -0.479027  0  0.511342  0  0.8744  0  0.614258  0  
1  0.226496  0  0.785704  0  -0.57285  0  0.500563  0  0.820125  0  0.679311  0  
2  0.0794616  0  0.811573  0  -0.576308  0  0.478048  0  0.837951  0  0.684002  0  
3  0.0936005  0  0.840754  0  -0.512804  0  0.57541  0  0.843495  0  0.581096  0  
4  0.217669  0  0.77595  0  -0.589446  0  0.502675  0  0.805907  0  0.691418  0  
5  0.222476  0  0.765588  0  -0.59287  0  0.572577  0  0.785523  0  0.6419  0  
6  0.172426  0  0.809724  0  -0.558757  0  0.512686  0  0.825366  0  0.661948  0  
7  0.175862  0  0.809865  0  -0.555275  0  0.498535  0  0.829831  0  0.671634  0  
8  0.154065  0  0.834209  0  -0.524368  0  0.477308  0  0.85795  0  0.664742  0  
9  0.133134  0  0.854655  0  -0.499678  0  0.516314  0  0.866734  0  0.616952  0  
10  0.14601  0  0.799032  0  -0.580521  0  0.53682  0  0.812754  0  0.650426  0  
11  0.102988  0  0.782274  0  -0.609259  0  0.504085  0  0.804412  0  0.691503  0  
12  0.155672  0  0.862255  0  -0.478979  0  0.492927  0  0.879483  0  0.62759  0  
13  0.0662261  0  0.827756  0  -0.554115  0  0.478666  0  0.849956  0  0.671378  0  
14  0.0408058  0  0.84134  0  -0.536608  0  0.497194  0  0.854953  0  0.647853  0  
15  0.101741  0  0.788692  0  -0.60318  0  0.533266  0  0.803091  0  0.663642  0  
