#site Sx Sy Sz Sx2 Sy2 Sz2
0  -0.91208  0  0.0130554  0  -0.408958  0  0.918414  0  0.487208  0  0.594378  0  
1  -0.91816  0  -0.0909778  0  -0.364586  0  0.919739  0  0.548376  0  0.531885  0  
2  -0.932927  0  -0.039226  0  -0.355234  0  0.937805  0  0.49051  0  0.571685  0  
3  -0.933558  0  0.0371577  0  -0.351829  0  0.938601  0  0.484668  0  0.576732  0  
4  -0.892492  0  -0.00971492  0  -0.450181  0  0.900334  0  0.490884  0  0.608782  0  
5  -0.895015  0  -0.054159  0  -0.439638  0  0.9054  0  0.478936  0  0.615664  0  
6  -0.921329  0  -0.0487126  0  -0.384667  0  0.926831  0  0.488757  0  0.584411  0  
7  -0.903404  0  0.00280499  0  -0.42118  0  0.916873  0  0.465816  0  0.617311  0  
8  -0.880918  0  0.0312379  0  -0.46477  0  0.890581  0  0.496274  0  0.613145  0  
9  -0.872533  0  -0.0717079  0  -0.472544  0  0.880737  0  0.531085  0  0.588178  0  
10  -0.909925  0  -0.0880872  0  -0.386815  0  0.926598  0  0.485025  0  0.588377  0  
11  -0.876878  0  -0.0319802  0  -0.479609  0  0.885062  0  0.497773  0  0.617165  0  
12  -0.912876  0  0.0159657  0  -0.391492  0  0.930963  0  0.444919  0  0.624118  0  
13  -0.906138  0  -0.139026  0  -0.396648  0  0.913163  0  0.51435  0  0.572486  0  
14  -0.89909  0  -0.116468  0  -0.41969  0  0.906325  0  0.490922  0  0.602752  0  
15  -0.933563  0  -0.0519577  0  -0.346011  0  0.941913  0  0.481441  0  0.576646  0  
