#site Sx Sy Sz Sx2 Sy2 Sz2
0  0.0412319  0  0.813377  0  -0.578558  0  0.514  0  0.826339  0  0.659661  0  
1  0.0524221  0  0.744984  0  -0.660222  0  0.513351  0  0.776  0  0.710649  0  
2  -0.272165  0  0.6173  0  -0.725455  0  0.480554  0  0.735817  0  0.783629  0  
3  0.4794  0  0.499934  0  -0.697339  0  0.578374  0  0.694966  0  0.72666  0  
4  0.418128  0  0.458673  0  -0.752042  0  0.548233  0  0.609965  0  0.841802  0  
5  -0.0247293  0  0.584381  0  -0.77358  0  0.488826  0  0.685891  0  0.825283  0  
6  0.218686  0  0.745814  0  -0.624043  0  0.540506  0  0.781191  0  0.678303  0  
7  0.269268  0  0.267769  0  -0.815154  0  0.64533  0  0.412128  0  0.942542  0  
8  -0.0887455  0  0.458576  0  -0.880616  0  0.537203  0  0.581088  0  0.881709  0  
9  -0.299839  0  0.587004  0  -0.736671  0  0.579794  0  0.674324  0  0.745882  0  
10  0.0666376  0  0.449092  0  -0.88457  0  0.4491  0  0.644314  0  0.906586  0  
11  0.0402233  0  0.473068  0  -0.825084  0  0.374121  0  0.722126  0  0.903753  0  
12  -0.105275  0  0.48163  0  -0.80908  0  0.661036  0  0.517027  0  0.821937  0  
13  0.172885  0  0.530649  0  -0.736814  0  0.361599  0  0.751221  0  0.88718  0  
14  -0.289202  0  0.19377  0  -0.893238  0  0.639097  0  0.410241  0  0.950662  0  
15  0.208332  0  0.535455  0  -0.794824  0  0.431  0  0.717277  0  0.851723  0  
