#site Sx Sy Sz Sx2 Sy2 Sz2
0  -0.172841  0  -0.892231  0  0.416373  0  0.524064  0  0.898064  0  0.577872  0  
1  -0.134572  0  -0.875938  0  0.462709  0  0.519201  0  0.882274  0  0.598525  0  
2  -0.121797  0  -0.89066  0  0.437534  0  0.5032  0  0.896658  0  0.600141  0  
3  -0.153652  0  -0.876142  0  0.456065  0  0.512424  0  0.882242  0  0.605334  0  
4  -0.169536  0  -0.900996  0  0.395544  0  0.493109  0  0.90808  0  0.598812  0  
5  -0.139173  0  -0.882322  0  0.448896  0  0.497377  0  0.891906  0  0.610717  0  
6  -0.150778  0  -0.884171  0  0.440063  0  0.530569  0  0.889129  0  0.580303  0  
7  -0.164461  0  -0.898428  0  0.404224  0  0.501922  0  0.908916  0  0.589162  0  
8  -0.178606  0  -0.872273  0  0.454472  0  0.518457  0  0.878317  0  0.603226  0  
9  -0.17689  0  -0.885457  0  0.429738  0  0.516101  0  0.891915  0  0.591984  0  
10  -0.165633  0  -0.886141  0  0.431528  0  0.519717  0  0.89  0  0.590283  0  
11  -0.177405  0  -0.894433  0  0.409495  0  0.502706  0  0.90301  0  0.594284  0  
12  -0.153116  0  -0.891879  0  0.42535  0  0.509933  0  0.898881  0  0.591186  0  
13  -0.122128  0  -0.880015  0  0.458659  0  0.515567  0  0.885443  0  0.59899  0  
14  -0.124982  0  -0.895572  0  0.42592  0  0.511094  0  0.90226  0  0.586646  0  
15  -0.195921  0  -0.879807  0  0.432388  0  0.525601  0  0.887757  0  0.586642  0  
