#site Sx Sy Sz Sx2 Sy2 Sz2
0  0.910679  0  -0.0225187  0  0.391181  0  0.919467  0  0.522419  0  0.558113  0  
1  0.823802  0  0.411474  0  0.336386  0  0.831803  0  0.641646  0  0.526551  0  
2  0.641587  0  0.557594  0  0.350676  0  0.665078  0  0.596046  0  0.738876  0  
3  0.62364  0  0.269645  0  0.630451  0  0.653565  0  0.581015  0  0.765421  0  
4  0.601495  0  0.135529  0  0.563673  0  0.627869  0  0.774355  0  0.597776  0  
5  0.681323  0  0.380385  0  0.613018  0  0.758303  0  0.520686  0  0.721011  0  
6  0.701915  0  0.524394  0  0.305266  0  0.708284  0  0.654533  0  0.637183  0  
7  0.725792  0  0.448464  0  0.520938  0  0.757244  0  0.606558  0  0.636199  0  
8  0.571171  0  0.0657997  0  0.701291  0  0.755701  0  0.430762  0  0.813536  0  
9  0.596261  0  0.410783  0  0.662212  0  0.679091  0  0.645362  0  0.675546  0  
10  0.792688  0  0.450816  0  0.375905  0  0.833661  0  0.664076  0  0.502262  0  
11  0.607339  0  0.471078  0  0.519246  0  0.714151  0  0.507344  0  0.778505  0  
12  0.47024  0  0.340945  0  0.462792  0  0.893079  0  0.498838  0  0.608083  0  
13  0.579809  0  0.684477  0  0.325257  0  0.591649  0  0.727963  0  0.680388  0  
14  0.660247  0  0.337185  0  0.459426  0  0.83341  0  0.367553  0  0.799037  0  
15  0.658623  0  0.468156  0  0.574304  0  0.756677  0  0.57604  0  0.667283  0  
