#site Sx Sy Sz Sx2 Sy2 Sz2
0  0.0322477  0  -0.3062  0  0.949022  0  0.533134  0  0.517367  0  0.949499  0  
1  0.0671728  0  -0.345331  0  0.936007  0  0.500566  0  0.561361  0  0.938073  0  
2  0.0256561  0  -0.285354  0  0.956693  0  0.484091  0  0.555462  0  0.960447  0  
3  0.0471085  0  -0.348197  0  0.936129  0  0.497183  0  0.563906  0  0.938911  0  
4  -0.00144664  0  -0.314608  0  0.948161  0  0.478488  0  0.568974  0  0.952538  0  
5  0.0936831  0  -0.37692  0  0.920701  0  0.486231  0  0.587172  0  0.926597  0  
6  0.0161903  0  -0.30917  0  0.948884  0  0.523975  0  0.526598  0  0.949427  0  
7  0.0267403  0  -0.296845  0  0.95452  0  0.496823  0  0.54731  0  0.955867  0  
8  0.014409  0  -0.345084  0  0.937328  0  0.498861  0  0.560978  0  0.940161  0  
9  -0.0330122  0  -0.301686  0  0.95135  0  0.511123  0  0.535552  0  0.953325  0  
10  -0.0924187  0  -0.273866  0  0.957254  0  0.509711  0  0.53242  0  0.957869  0  
11  0.0136496  0  -0.259722  0  0.963954  0  0.473636  0  0.55857  0  0.967794  0  
12  0.0245728  0  -0.330507  0  0.942933  0  0.484599  0  0.568611  0  0.946789  0  
13  0.0444782  0  -0.319076  0  0.945926  0  0.491362  0  0.559199  0  0.949439  0  
14  0.0338496  0  -0.307862  0  0.949976  0  0.491448  0  0.55609  0  0.952462  0  
15  -0.0265723  0  -0.351558  0  0.935047  0  0.485144  0  0.575405  0  0.939451  0  
