#site Sx Sy Sz Sx2 Sy2 Sz2
0  -0.592586  0  -0.716012  0  0.365283  0  0.691374  0  0.753379  0  0.555247  0  
1  -0.581865  0  -0.731353  0  0.337706  0  0.642027  0  0.781001  0  0.576972  0  
2  -0.708423  0  -0.664932  0  0.229459  0  0.739579  0  0.706676  0  0.553745  0  
3  -0.623972  0  -0.696134  0  0.349949  0  0.709981  0  0.754836  0  0.535183  0  
4  -0.549894  0  -0.736651  0  0.389292  0  0.66901  0  0.779727  0  0.551263  0  
5  -0.602021  0  -0.73595  0  0.305979  0  0.668142  0  0.772919  0  0.558939  0  
6  -0.695464  0  -0.619081  0  0.362347  0  0.748065  0  0.682359  0  0.569576  0  
7  -0.551244  0  -0.724701  0  0.406215  0  0.665876  0  0.779892  0  0.554233  0  
8  -0.694055  0  -0.596961  0  0.396405  0  0.742248  0  0.65687  0  0.600881  0  
9  -0.619167  0  -0.689344  0  0.357025  0  0.695648  0  0.711079  0  0.593273  0  
10  -0.572947  0  -0.744417  0  0.333388  0  0.652458  0  0.791944  0  0.555598  0  
11  -0.55666  0  -0.679142  0  0.45233  0  0.676409  0  0.772343  0  0.551248  0  
12  -0.642579  0  -0.628369  0  0.437435  0  0.712063  0  0.704246  0  0.583691  0  
13  -0.548773  0  -0.709911  0  0.434061  0  0.655046  0  0.772917  0  0.572037  0  
14  -0.646121  0  -0.748903  0  0.136608  0  0.720955  0  0.784407  0  0.494638  0  
15  -0.608649  0  -0.697614  0  0.367262  0  0.692287  0  0.768047  0  0.539667  0  
