#site Sx Sy Sz Sx2 Sy2 Sz2
0  -0.528163  0  -0.780727  0  0.306487  0  0.63319  0  0.832453  0  0.534357  0  
1  -0.656396  0  -0.721333  0  0.183164  0  0.709021  0  0.739405  0  0.551574  0  
2  -0.618976  0  -0.75188  0  0.203961  0  0.662944  0  0.770384  0  0.566672  0  
3  -0.500915  0  -0.82574  0  0.253034  0  0.633959  0  0.836222  0  0.529819  0  
4  -0.601129  0  -0.74544  0  0.279163  0  0.664538  0  0.764804  0  0.570658  0  
5  -0.581875  0  -0.764571  0  0.268  0  0.681496  0  0.785802  0  0.532703  0  
6  -0.549586  0  -0.826505  0  0.0953053  0  0.675688  0  0.851259  0  0.473053  0  
7  -0.549092  0  -0.824043  0  0.131195  0  0.634579  0  0.833911  0  0.53151  0  
8  -0.628474  0  -0.734344  0  0.2494  0  0.702501  0  0.783496  0  0.514003  0  
9  -0.579362  0  -0.761213  0  0.248288  0  0.719195  0  0.820584  0  0.460222  0  
10  -0.559956  0  -0.813686  0  0.145668  0  0.671006  0  0.833754  0  0.495239  0  
11  -0.59194  0  -0.756306  0  0.271719  0  0.677124  0  0.775894  0  0.546982  0  
12  -0.592173  0  -0.771417  0  0.204949  0  0.704721  0  0.801857  0  0.493423  0  
13  -0.655662  0  -0.71641  0  0.209106  0  0.697527  0  0.764286  0  0.538186  0  
14  -0.618939  0  -0.759301  0  0.188625  0  0.671643  0  0.777238  0  0.551119  0  
15  -0.615311  0  -0.755515  0  0.217778  0  0.69795  0  0.798043  0  0.504007  0  
