#site Sx Sy Sz Sx2 Sy2 Sz2
0  0.424136  0  -0.323776  0  -0.832374  0  0.652165  0  0.487556  0  0.860279  0  
1  0.41299  0  -0.427749  0  -0.797984  0  0.546476  0  0.623802  0  0.829721  0  
2  0.354567  0  -0.576958  0  -0.730581  0  0.600939  0  0.64599  0  0.753071  0  
3  0.51567  0  -0.314642  0  -0.796162  0  0.632985  0  0.555846  0  0.811169  0  
4  0.396895  0  -0.383027  0  -0.833319  0  0.572285  0  0.584688  0  0.843027  0  
5  0.449345  0  -0.399351  0  -0.794482  0  0.60973  0  0.587852  0  0.802418  0  
6  0.521533  0  -0.316199  0  -0.78127  0  0.662937  0  0.502196  0  0.834867  0  
7  0.432936  0  -0.360816  0  -0.823619  0  0.593601  0  0.575969  0  0.830429  0  
8  0.464103  0  -0.391168  0  -0.790519  0  0.578459  0  0.611425  0  0.810116  0  
9  0.476691  0  -0.348545  0  -0.793433  0  0.623884  0  0.579944  0  0.796172  0  
10  0.561047  0  -0.402768  0  -0.717222  0  0.637182  0  0.619753  0  0.743065  0  
11  0.5007  0  -0.434605  0  -0.746424  0  0.615088  0  0.615296  0  0.769615  0  
12  0.561624  0  -0.298867  0  -0.755076  0  0.701874  0  0.517629  0  0.780497  0  
13  0.504322  0  -0.380906  0  -0.774928  0  0.626836  0  0.574387  0  0.798778  0  
14  0.45048  0  -0.524072  0  -0.716375  0  0.63609  0  0.60428  0  0.75963  0  
15  0.49394  0  -0.386737  0  -0.773609  0  0.635164  0  0.579767  0  0.785069  0  
