#site Sx Sy Sz Sx2 Sy2 Sz2
0  -0.77737  0  -0.606841  0  -0.129743  0  0.788207  0  0.670713  0  0.54108  0  
1  -0.644047  0  -0.704932  0  -0.288429  0  0.698186  0  0.759996  0  0.541817  0  
2  -0.74297  0  -0.610853  0  -0.258085  0  0.764672  0  0.660384  0  0.574944  0  
3  -0.745167  0  -0.619472  0  -0.241805  0  0.773516  0  0.699952  0  0.526531  0  
4  -0.694689  0  -0.661899  0  -0.274448  0  0.757993  0  0.724186  0  0.517821  0  
5  -0.638874  0  -0.743956  0  -0.159156  0  0.739009  0  0.803788  0  0.457202  0  
6  -0.679064  0  -0.695788  0  -0.201125  0  0.765729  0  0.766743  0  0.467528  0  
7  -0.780367  0  -0.589482  0  -0.208548  0  0.803221  0  0.672799  0  0.52398  0  
8  -0.657257  0  -0.691595  0  -0.218362  0  0.773356  0  0.798267  0  0.428377  0  
9  -0.649473  0  -0.715801  0  -0.22171  0  0.682163  0  0.75481  0  0.563027  0  
10  -0.628217  0  -0.759931  0  -0.160681  0  0.704085  0  0.787793  0  0.508122  0  
11  -0.725643  0  -0.637071  0  -0.247851  0  0.771503  0  0.726814  0  0.501683  0  
12  -0.74435  0  -0.595093  0  -0.292584  0  0.768115  0  0.653624  0  0.578261  0  
13  -0.643396  0  -0.70048  0  -0.305385  0  0.711273  0  0.736716  0  0.55201  0  
14  -0.744074  0  -0.606354  0  -0.249539  0  0.804168  0  0.724172  0  0.47166  0  
15  -0.745656  0  -0.565085  0  -0.259702  0  0.808466  0  0.612721  0  0.578813  0  
