#site Sx Sy Sz Sx2 Sy2 Sz2
0  -0.641369  0  -0.696094  0  0.321265  0  0.697626  0  0.737698  0  0.564676  0  
1  -0.681854  0  -0.649167  0  0.325478  0  0.752915  0  0.732947  0  0.514138  0  
2  -0.677022  0  -0.647613  0  0.325616  0  0.743895  0  0.749667  0  0.506439  0  
3  -0.651011  0  -0.694327  0  0.305469  0  0.712554  0  0.748103  0  0.539344  0  
4  -0.675823  0  -0.687725  0  0.250315  0  0.751432  0  0.741548  0  0.507019  0  
5  -0.646076  0  -0.701237  0  0.286185  0  0.710389  0  0.769492  0  0.520119  0  
6  -0.685132  0  -0.650577  0  0.321129  0  0.729107  0  0.693892  0  0.577002  0  
7  -0.708698  0  -0.656269  0  0.258313  0  0.753848  0  0.720594  0  0.525558  0  
8  -0.553333  0  -0.746297  0  0.364933  0  0.636792  0  0.770232  0  0.592976  0  
9  -0.579638  0  -0.733267  0  0.321249  0  0.652392  0  0.741243  0  0.606365  0  
10  -0.635052  0  -0.691644  0  0.32887  0  0.713673  0  0.767684  0  0.518644  0  
11  -0.656578  0  -0.697259  0  0.276531  0  0.723507  0  0.764478  0  0.512015  0  
12  -0.641128  0  -0.71276  0  0.27905  0  0.71105  0  0.745166  0  0.543784  0  
13  -0.678659  0  -0.697281  0  0.213748  0  0.708815  0  0.731209  0  0.559976  0  
14  -0.706488  0  -0.604733  0  0.349033  0  0.726802  0  0.69277  0  0.580429  0  
15  -0.644247  0  -0.689726  0  0.329992  0  0.705023  0  0.741252  0  0.553726  0  
