#site Sx Sy Sz Sx2 Sy2 Sz2
0  -0.973978  0  0.0973329  0  -0.0965482  0  0.988606  0  0.530527  0  0.480868  0  
1  -0.665381  0  -0.439909  0  0.540153  0  0.721229  0  0.529935  0  0.748836  0  
2  -0.444947  0  -0.419734  0  0.125314  0  0.645527  0  0.515278  0  0.839194  0  
3  -0.304387  0  -0.096513  0  -0.394779  0  0.408495  0  0.930966  0  0.660539  0  
4  -0.365634  0  0.848088  0  0.126128  0  0.719625  0  0.943176  0  0.337199  0  
5  0.0281003  0  0.0343288  0  -0.00444915  0  0.758669  0  0.755049  0  0.486282  0  
6  -0.0524689  0  0.0919079  0  -0.370799  0  0.367742  0  0.691938  0  0.94032  0  
7  -0.461499  0  0.14549  0  -0.868312  0  0.612601  0  0.496563  0  0.890836  0  
8  -0.181645  0  0.240141  0  -0.164732  0  0.551074  0  0.984485  0  0.464441  0  
9  0.734731  0  0.656228  0  0.0588105  0  0.780207  0  0.71416  0  0.505632  0  
10  0.19653  0  0.74668  0  -0.471025  0  0.324607  0  0.884698  0  0.790695  0  
11  0.323916  0  0.0271889  0  -0.799099  0  0.550963  0  0.516773  0  0.932265  0  
12  -0.703301  0  -0.378867  0  -0.42938  0  0.782568  0  0.442581  0  0.774851  0  
13  0.140411  0  -0.181533  0  -0.154775  0  0.6269  0  0.956318  0  0.416782  0  
14  -0.460707  0  0.28312  0  -0.572308  0  0.656737  0  0.437821  0  0.905442  0  
15  -0.880947  0  -0.149286  0  -0.083712  0  0.978631  0  0.640227  0  0.381142  0  
