#site Sx Sy Sz Sx2 Sy2 Sz2
0  0.7057  0  -0.699692  0  0.0298005  0  0.725798  0  0.720626  0  0.553576  0  
1  0.64638  0  -0.75384  0  -0.0115634  0  0.685477  0  0.768023  0  0.5465  0  
2  0.587489  0  -0.792094  0  0.154139  0  0.678383  0  0.810752  0  0.510865  0  
3  0.679522  0  -0.728352  0  0.0325973  0  0.719837  0  0.754127  0  0.526036  0  
4  0.612959  0  -0.784963  0  -0.0481691  0  0.696639  0  0.811778  0  0.491583  0  
5  0.661593  0  -0.7473  0  0.00609908  0  0.714632  0  0.776651  0  0.508717  0  
6  0.689158  0  -0.716953  0  0.104443  0  0.735967  0  0.75478  0  0.509253  0  
7  0.640046  0  -0.75655  0  0.0224449  0  0.717655  0  0.800277  0  0.482068  0  
8  0.589073  0  -0.805143  0  0.00554374  0  0.664788  0  0.820305  0  0.514907  0  
9  0.585303  0  -0.810201  0  -0.0307655  0  0.673348  0  0.829363  0  0.497289  0  
10  0.690454  0  -0.712937  0  -0.0347961  0  0.728832  0  0.742145  0  0.529022  0  
11  0.658283  0  -0.74551  0  -0.0211336  0  0.734815  0  0.791552  0  0.473633  0  
12  0.671444  0  -0.736454  0  0.0771047  0  0.724708  0  0.76868  0  0.506612  0  
13  0.61711  0  -0.776483  0  0.0042888  0  0.712409  0  0.81796  0  0.469631  0  
14  0.654314  0  -0.748585  0  -0.0308075  0  0.745179  0  0.804652  0  0.450169  0  
15  0.673123  0  -0.728756  0  -0.0998626  0  0.747853  0  0.780898  0  0.471248  0  
