#site Sx Sy Sz Sx2 Sy2 Sz2
0  -0.445219  0  0.870422  0  -0.206758  0  0.611901  0  0.879467  0  0.508632  0  
1  -0.428744  0  0.881654  0  -0.196753  0  0.58979  0  0.889403  0  0.520807  0  
2  -0.406306  0  0.891452  0  -0.19882  0  0.580332  0  0.899556  0  0.520112  0  
3  -0.429313  0  0.883542  0  -0.185244  0  0.593851  0  0.888573  0  0.517576  0  
4  -0.441026  0  0.880785  0  -0.165204  0  0.616083  0  0.89104  0  0.492877  0  
5  -0.43659  0  0.878613  0  -0.192194  0  0.603576  0  0.888353  0  0.508071  0  
6  -0.437022  0  0.875303  0  -0.204513  0  0.608243  0  0.886203  0  0.505554  0  
7  -0.427655  0  0.885393  0  -0.181497  0  0.589581  0  0.893018  0  0.5174  0  
8  -0.437463  0  0.885128  0  -0.155139  0  0.582697  0  0.890194  0  0.527109  0  
9  -0.446958  0  0.872186  0  -0.198748  0  0.599307  0  0.880651  0  0.520042  0  
10  -0.400491  0  0.897562  0  -0.18412  0  0.576529  0  0.902072  0  0.521399  0  
11  -0.4288  0  0.887331  0  -0.167155  0  0.584471  0  0.894412  0  0.521117  0  
12  -0.452455  0  0.876445  0  -0.164548  0  0.599495  0  0.883597  0  0.516908  0  
13  -0.448646  0  0.870866  0  -0.197349  0  0.602929  0  0.88364  0  0.51343  0  
14  -0.409867  0  0.890373  0  -0.197985  0  0.581476  0  0.896323  0  0.522202  0  
15  -0.447053  0  0.877189  0  -0.172932  0  0.606915  0  0.884513  0  0.508572  0  
