#site Sx Sy Sz Sx2 Sy2 Sz2
0  -0.147286  0  -0.867407  0  0.475213  0  0.508076  0  0.876389  0  0.615535  0  
1  -0.138274  0  -0.877277  0  0.459377  0  0.517114  0  0.883384  0  0.599503  0  
2  -0.128066  0  -0.873984  0  0.468192  0  0.516382  0  0.879508  0  0.604111  0  
3  -0.131023  0  -0.867843  0  0.477698  0  0.504752  0  0.880085  0  0.615163  0  
4  -0.093288  0  -0.88167  0  0.461569  0  0.507388  0  0.887255  0  0.605357  0  
5  -0.124929  0  -0.875926  0  0.46597  0  0.509667  0  0.883131  0  0.607203  0  
6  -0.128203  0  -0.871  0  0.474085  0  0.504265  0  0.879707  0  0.616028  0  
7  -0.112335  0  -0.880799  0  0.459868  0  0.509818  0  0.886905  0  0.603277  0  
8  -0.09517  0  -0.875362  0  0.47209  0  0.523503  0  0.878905  0  0.597592  0  
9  -0.116936  0  -0.864729  0  0.487755  0  0.510139  0  0.874601  0  0.61526  0  
10  -0.113059  0  -0.877007  0  0.466907  0  0.510649  0  0.883728  0  0.605623  0  
11  -0.0952665  0  -0.861483  0  0.498071  0  0.491527  0  0.874646  0  0.633827  0  
12  -0.1065  0  -0.864783  0  0.489348  0  0.513927  0  0.87397  0  0.612102  0  
13  -0.138511  0  -0.86777  0  0.476783  0  0.502354  0  0.877369  0  0.620277  0  
14  -0.133143  0  -0.876146  0  0.462827  0  0.500514  0  0.886377  0  0.613109  0  
15  -0.126723  0  -0.871029  0  0.474081  0  0.513598  0  0.879334  0  0.607067  0  
