#site Sx Sy Sz Sx2 Sy2 Sz2
0  -0.335676  0  0.925626  0  -0.171405  0  0.541562  0  0.927995  0  0.530443  0  
1  -0.34483  0  0.926369  0  -0.132289  0  0.530884  0  0.926612  0  0.542504  0  
2  -0.338686  0  0.917766  0  -0.206356  0  0.566359  0  0.922062  0  0.511579  0  
3  -0.3206  0  0.92187  0  -0.217566  0  0.549251  0  0.924557  0  0.526192  0  
4  -0.297552  0  0.935563  0  -0.182629  0  0.528459  0  0.940274  0  0.531266  0  
5  -0.383408  0  0.901406  0  -0.180629  0  0.545003  0  0.910111  0  0.544886  0  
6  -0.30055  0  0.941291  0  -0.132732  0  0.559158  0  0.949729  0  0.491113  0  
7  -0.317184  0  0.934661  0  -0.154663  0  0.569534  0  0.938708  0  0.491758  0  
8  -0.294171  0  0.940024  0  -0.168538  0  0.533457  0  0.940305  0  0.526238  0  
9  -0.305983  0  0.932408  0  -0.185059  0  0.530857  0  0.932704  0  0.536439  0  
10  -0.356696  0  0.914475  0  -0.180963  0  0.537276  0  0.917553  0  0.545171  0  
11  -0.337027  0  0.917398  0  -0.211192  0  0.55231  0  0.921293  0  0.526397  0  
12  -0.347747  0  0.925016  0  -0.150826  0  0.549506  0  0.926603  0  0.523891  0  
13  -0.312494  0  0.934456  0  -0.16961  0  0.556493  0  0.937804  0  0.505703  0  
14  -0.2796  0  0.930922  0  -0.233647  0  0.527828  0  0.933674  0  0.538498  0  
15  -0.360174  0  0.909697  0  -0.205617  0  0.563857  0  0.912242  0  0.523902  0  
