#site Sx Sy Sz Sx2 Sy2 Sz2
0  -0.0528456  0  0.517037  0  -0.843953  0  0.489107  0  0.648129  0  0.862764  0  
1  -0.162608  0  0.504275  0  -0.847657  0  0.507799  0  0.633102  0  0.859099  0  
2  -0.24802  0  0.574404  0  -0.775121  0  0.511075  0  0.688669  0  0.800256  0  
3  -0.284975  0  0.54494  0  -0.787723  0  0.551993  0  0.637095  0  0.810912  0  
4  -0.0571966  0  0.523351  0  -0.845874  0  0.466586  0  0.662113  0  0.8713  0  
5  -0.143749  0  0.448985  0  -0.86942  0  0.447633  0  0.657837  0  0.89453  0  
6  -0.0467529  0  0.488464  0  -0.865129  0  0.527866  0  0.598487  0  0.873647  0  
7  -0.0417036  0  0.53987  0  -0.83848  0  0.514138  0  0.635842  0  0.85002  0  
8  -0.115801  0  0.492783  0  -0.860884  0  0.484197  0  0.63769  0  0.878112  0  
9  -0.114628  0  0.395459  0  -0.909599  0  0.480367  0  0.600032  0  0.919602  0  
10  -0.156228  0  0.474461  0  -0.861178  0  0.477561  0  0.644765  0  0.877674  0  
11  -0.109614  0  0.543261  0  -0.82994  0  0.485066  0  0.665334  0  0.8496  0  
12  -0.226118  0  0.50354  0  -0.831301  0  0.537422  0  0.612368  0  0.85021  0  
13  -0.030897  0  0.557659  0  -0.827449  0  0.498934  0  0.657918  0  0.843148  0  
14  -0.246107  0  0.401486  0  -0.876859  0  0.487346  0  0.616153  0  0.896501  0  
15  -0.219339  0  0.384405  0  -0.881924  0  0.558065  0  0.534755  0  0.90718  0  
