#site Sx Sy Sz Sx2 Sy2 Sz2
0  0.603768  0  -0.0181867  0  0.790467  0  0.715558  0  0.450787  0  0.833655  0  
1  0.59893  0  -0.0248505  0  0.798412  0  0.696645  0  0.474648  0  0.828707  0  
2  0.645663  0  -0.0607484  0  0.76119  0  0.707678  0  0.502965  0  0.789357  0  
3  0.67524  0  0.0642658  0  0.733015  0  0.72729  0  0.507396  0  0.765314  0  
4  0.658774  0  0.00521046  0  0.751359  0  0.726058  0  0.484637  0  0.789305  0  
5  0.587082  0  -0.0771241  0  0.80571  0  0.667836  0  0.510098  0  0.822066  0  
6  0.676981  0  -0.0867773  0  0.726942  0  0.723741  0  0.51031  0  0.76595  0  
7  0.664195  0  -0.0970957  0  0.740656  0  0.722356  0  0.499495  0  0.778149  0  
8  0.696336  0  -0.0605741  0  0.707167  0  0.718818  0  0.554603  0  0.726579  0  
9  0.617121  0  -0.0620758  0  0.783553  0  0.699217  0  0.487062  0  0.813721  0  
10  0.662184  0  -0.080011  0  0.742178  0  0.705391  0  0.531943  0  0.762666  0  
11  0.672495  0  -0.0214366  0  0.738134  0  0.716346  0  0.519735  0  0.763919  0  
12  0.649316  0  -0.0118788  0  0.759298  0  0.722506  0  0.480316  0  0.797179  0  
13  0.691605  0  -0.0248866  0  0.717107  0  0.748742  0  0.486866  0  0.764392  0  
14  0.684132  0  -0.0162695  0  0.726039  0  0.717932  0  0.532793  0  0.749275  0  
15  0.62639  0  0.0274677  0  0.77782  0  0.687634  0  0.514341  0  0.798025  0  
