#site Sx Sy Sz Sx2 Sy2 Sz2
0  -0.0568561  0  0.515741  0  -0.630666  0  0.355105  0  0.804727  0  0.840168  0  
1  0.37122  0  0.757607  0  -0.518151  0  0.627798  0  0.785336  0  0.586865  0  
2  -0.0456744  0  0.439323  0  -0.814766  0  0.314058  0  0.757941  0  0.928  0  
3  -0.00723166  0  0.533966  0  -0.842805  0  0.484109  0  0.654757  0  0.861133  0  
4  -0.175792  0  0.612217  0  -0.753104  0  0.466211  0  0.734107  0  0.799682  0  
5  -0.366553  0  0.720593  0  -0.569755  0  0.579537  0  0.735414  0  0.685049  0  
6  -0.184202  0  0.532493  0  -0.762865  0  0.379605  0  0.764953  0  0.855442  0  
7  -0.0380982  0  0.457432  0  -0.735655  0  0.448763  0  0.686433  0  0.864804  0  
8  -0.353115  0  0.259705  0  -0.877359  0  0.480383  0  0.62113  0  0.898487  0  
9  -0.5529  0  0.29783  0  -0.768014  0  0.694884  0  0.487963  0  0.817153  0  
10  -0.45149  0  0.502214  0  -0.700232  0  0.692818  0  0.587316  0  0.719866  0  
11  0.156398  0  0.756145  0  -0.620182  0  0.503423  0  0.784433  0  0.712144  0  
12  -0.0833007  0  0.438155  0  -0.868208  0  0.498975  0  0.597036  0  0.903988  0  
13  -0.065662  0  0.542348  0  -0.760105  0  0.662264  0  0.556935  0  0.780801  0  
14  -0.391539  0  0.330741  0  -0.817342  0  0.67737  0  0.482324  0  0.840305  0  
15  0.010152  0  0.508873  0  -0.694498  0  0.722651  0  0.531186  0  0.746163  0  
