#site Sx Sy Sz Sx2 Sy2 Sz2
0  -0.38209  0  0.812433  0  0.437084  0  0.564534  0  0.840108  0  0.595358  0  
1  -0.277342  0  0.83765  0  0.462341  0  0.555028  0  0.84103  0  0.603942  0  
2  -0.295454  0  0.88605  0  0.352452  0  0.543877  0  0.887949  0  0.568174  0  
3  -0.409247  0  0.856012  0  0.299213  0  0.597863  0  0.883134  0  0.519003  0  
4  -0.337752  0  0.854154  0  0.374425  0  0.515015  0  0.863632  0  0.621353  0  
5  -0.343424  0  0.85668  0  0.369944  0  0.601297  0  0.874565  0  0.524138  0  
6  -0.285584  0  0.910054  0  0.282646  0  0.555471  0  0.910353  0  0.534175  0  
7  -0.26769  0  0.936216  0  0.203582  0  0.490267  0  0.940315  0  0.569418  0  
8  -0.260903  0  0.831618  0  0.476525  0  0.587817  0  0.837902  0  0.574281  0  
9  -0.406322  0  0.780962  0  0.459114  0  0.611177  0  0.822748  0  0.566075  0  
10  -0.297624  0  0.809829  0  0.504216  0  0.560951  0  0.823634  0  0.615415  0  
11  -0.194895  0  0.886218  0  0.418628  0  0.501169  0  0.895854  0  0.602977  0  
12  -0.376761  0  0.834686  0  0.397958  0  0.586896  0  0.854055  0  0.559048  0  
13  -0.421627  0  0.784576  0  0.449802  0  0.61111  0  0.813233  0  0.575656  0  
14  -0.381885  0  0.770755  0  0.48931  0  0.518367  0  0.825274  0  0.656359  0  
15  -0.350001  0  0.742974  0  0.54587  0  0.496033  0  0.79363  0  0.710337  0  
