#site Sx Sy Sz Sx2 Sy2 Sz2
0  0.270965  0  0.0420773  0  -0.921681  0  0.449452  0  0.601235  0  0.949313  0  
1  0.391059  0  0.146055  0  -0.889616  0  0.575465  0  0.5271  0  0.897435  0  
2  -0.0829837  0  -0.490475  0  -0.863299  0  0.481842  0  0.634969  0  0.883189  0  
3  -0.135938  0  -0.486754  0  -0.79151  0  0.352051  0  0.743344  0  0.904605  0  
4  0.259508  0  0.291142  0  -0.905395  0  0.502299  0  0.563169  0  0.934532  0  
5  -0.0277997  0  0.286371  0  -0.802174  0  0.28831  0  0.741714  0  0.969977  0  
6  -0.00410151  0  0.249704  0  -0.820084  0  0.364183  0  0.666145  0  0.969672  0  
7  0.06323  0  -0.351963  0  -0.880828  0  0.549733  0  0.52064  0  0.929627  0  
8  -0.446641  0  -0.343094  0  -0.535638  0  0.466711  0  0.834327  0  0.698962  0  
9  0.00142764  0  0.306623  0  -0.584016  0  0.760242  0  0.40452  0  0.835238  0  
10  0.262748  0  0.330021  0  -0.734306  0  0.467126  0  0.590969  0  0.941904  0  
11  0.245794  0  0.339741  0  -0.476934  0  0.577299  0  0.782644  0  0.640057  0  
12  0.535986  0  -0.216999  0  -0.715043  0  0.799435  0  0.350984  0  0.849581  0  
13  0.688006  0  0.267722  0  -0.648306  0  0.750424  0  0.483346  0  0.766231  0  
14  0.697735  0  0.0220974  0  -0.438038  0  0.862609  0  0.461424  0  0.675967  0  
15  0.183159  0  0.366199  0  -0.629493  0  0.576541  0  0.513269  0  0.910191  0  
