#site Sx Sy Sz Sx2 Sy2 Sz2
0  -0.418629  0  0.886381  0  -0.194587  0  0.581523  0  0.895157  0  0.52332  0  
1  -0.418757  0  0.891785  0  -0.168654  0  0.583004  0  0.899371  0  0.517625  0  
2  -0.431501  0  0.882343  0  -0.187564  0  0.593347  0  0.89021  0  0.516442  0  
3  -0.409875  0  0.896615  0  -0.165771  0  0.577416  0  0.90254  0  0.520044  0  
4  -0.379033  0  0.899005  0  -0.21757  0  0.577648  0  0.902831  0  0.51952  0  
5  -0.411303  0  0.884717  0  -0.21588  0  0.569058  0  0.890849  0  0.540092  0  
6  -0.442926  0  0.88049  0  -0.165118  0  0.583984  0  0.884898  0  0.531119  0  
7  -0.404628  0  0.900683  0  -0.15768  0  0.581021  0  0.904635  0  0.514343  0  
8  -0.404205  0  0.888619  0  -0.216021  0  0.586123  0  0.894153  0  0.519724  0  
9  -0.428613  0  0.881412  0  -0.197728  0  0.588259  0  0.889381  0  0.522359  0  
10  -0.449766  0  0.872759  0  -0.188168  0  0.59174  0  0.879829  0  0.528431  0  
11  -0.393812  0  0.905602  0  -0.156206  0  0.579348  0  0.909192  0  0.51146  0  
12  -0.403375  0  0.893794  0  -0.190302  0  0.591209  0  0.904983  0  0.503809  0  
13  -0.411057  0  0.893822  0  -0.177918  0  0.576067  0  0.898907  0  0.525026  0  
14  -0.421549  0  0.892609  0  -0.158608  0  0.581396  0  0.89779  0  0.520814  0  
15  -0.393771  0  0.901422  0  -0.178694  0  0.568861  0  0.904924  0  0.526215  0  
