#site Sx Sy Sz Sx2 Sy2 Sz2
0  0.0774542  0  -0.0523266  0  -0.971459  0  0.54383  0  0.459757  0  0.996413  0  
1  0.261655  0  -0.0046261  0  -0.914238  0  0.572507  0  0.462104  0  0.96539  0  
2  0.352046  0  0.212631  0  -0.853569  0  0.614665  0  0.449457  0  0.935878  0  
3  0.309163  0  0.259947  0  -0.884211  0  0.651749  0  0.43872  0  0.90953  0  
4  0.336647  0  -0.21931  0  -0.841043  0  0.695108  0  0.40713  0  0.897763  0  
5  0.0539135  0  0.0149855  0  -0.953899  0  0.368486  0  0.63351  0  0.998004  0  
6  0.123868  0  -0.0385759  0  -0.985391  0  0.561147  0  0.446515  0  0.992337  0  
7  0.335287  0  0.13644  0  -0.923471  0  0.501933  0  0.571526  0  0.92654  0  
8  0.497016  0  0.209097  0  -0.835691  0  0.599226  0  0.5445  0  0.856275  0  
9  0.400983  0  -0.186122  0  -0.889573  0  0.629512  0  0.463565  0  0.906922  0  
10  0.260926  0  -0.0390187  0  -0.954216  0  0.599773  0  0.431198  0  0.969029  0  
11  0.307935  0  0.143164  0  -0.931711  0  0.495116  0  0.570155  0  0.934728  0  
12  0.163603  0  0.120229  0  -0.949645  0  0.513941  0  0.502907  0  0.983152  0  
13  0.463398  0  -0.163338  0  -0.840607  0  0.605392  0  0.544014  0  0.850594  0  
14  0.44978  0  -0.28709  0  -0.842475  0  0.617767  0  0.532395  0  0.849838  0  
15  0.366551  0  0.145419  0  -0.914144  0  0.552309  0  0.533026  0  0.914665  0  
