#site Sx Sy Sz Sx2 Sy2 Sz2
0  -0.343518  0  0.432909  0  -0.830904  0  0.53218  0  0.614614  0  0.853206  0  
1  -0.323354  0  0.472055  0  -0.819854  0  0.548135  0  0.61749  0  0.834375  0  
2  -0.316873  0  0.447545  0  -0.836001  0  0.559167  0  0.592519  0  0.848314  0  
3  -0.301388  0  0.454584  0  -0.836323  0  0.553871  0  0.603412  0  0.842718  0  
4  -0.380141  0  0.424107  0  -0.820507  0  0.591075  0  0.577052  0  0.831873  0  
5  -0.304529  0  0.46188  0  -0.832495  0  0.549215  0  0.608214  0  0.842571  0  
6  -0.323122  0  0.438424  0  -0.837736  0  0.555029  0  0.599132  0  0.84584  0  
7  -0.332814  0  0.424646  0  -0.841828  0  0.548618  0  0.595793  0  0.855589  0  
8  -0.370434  0  0.446195  0  -0.813971  0  0.56711  0  0.595765  0  0.837125  0  
9  -0.357675  0  0.449002  0  -0.818107  0  0.561583  0  0.608086  0  0.83033  0  
10  -0.359172  0  0.445117  0  -0.819637  0  0.560453  0  0.597983  0  0.841563  0  
11  -0.341592  0  0.44409  0  -0.827749  0  0.569167  0  0.586937  0  0.843895  0  
12  -0.311608  0  0.446363  0  -0.838828  0  0.550917  0  0.597486  0  0.851598  0  
13  -0.356582  0  0.45705  0  -0.812999  0  0.550538  0  0.622754  0  0.826708  0  
14  -0.319889  0  0.450837  0  -0.831716  0  0.531735  0  0.621951  0  0.846314  0  
15  -0.301159  0  0.461699  0  -0.8343  0  0.547916  0  0.605396  0  0.846688  0  
