#site Sx Sy Sz Sx2 Sy2 Sz2
0  -0.253151  0  -0.638617  0  -0.725033  0  0.547125  0  0.691156  0  0.761719  0  
1  -0.233994  0  -0.628852  0  -0.741369  0  0.53237  0  0.695645  0  0.771984  0  
2  -0.222192  0  -0.597465  0  -0.770376  0  0.519808  0  0.682592  0  0.7976  0  
3  -0.289668  0  -0.616441  0  -0.731599  0  0.549954  0  0.688742  0  0.761304  0  
4  -0.254962  0  -0.618467  0  -0.743117  0  0.526316  0  0.693826  0  0.779858  0  
5  -0.274203  0  -0.617468  0  -0.734859  0  0.551956  0  0.675894  0  0.77215  0  
6  -0.253127  0  -0.634363  0  -0.730354  0  0.534809  0  0.700575  0  0.764616  0  
7  -0.246535  0  -0.640057  0  -0.726567  0  0.544213  0  0.693873  0  0.761914  0  
8  -0.244497  0  -0.643381  0  -0.724942  0  0.520188  0  0.714785  0  0.765027  0  
9  -0.235867  0  -0.639812  0  -0.731034  0  0.518776  0  0.711769  0  0.769455  0  
10  -0.263811  0  -0.614252  0  -0.743142  0  0.535317  0  0.69226  0  0.772422  0  
11  -0.233975  0  -0.641517  0  -0.730451  0  0.530351  0  0.705334  0  0.764315  0  
12  -0.268136  0  -0.654674  0  -0.704995  0  0.547683  0  0.714284  0  0.738034  0  
13  -0.253444  0  -0.626943  0  -0.736312  0  0.530826  0  0.694487  0  0.774687  0  
14  -0.269355  0  -0.616048  0  -0.740205  0  0.538739  0  0.688467  0  0.772793  0  
15  -0.248516  0  -0.623813  0  -0.740602  0  0.532271  0  0.696865  0  0.770865  0  
