#site Sx Sy Sz Sx2 Sy2 Sz2
0  0.0693992  0  -0.570939  0  -0.799463  0  0.536659  0  0.640044  0  0.823297  0  
1  0.0333827  0  -0.495695  0  -0.841404  0  0.606673  0  0.54972  0  0.843607  0  
2  0.00670922  0  -0.651647  0  -0.730019  0  0.411212  0  0.770793  0  0.817996  0  
3  -0.259973  0  -0.588122  0  -0.743198  0  0.594014  0  0.624444  0  0.781543  0  
4  -0.0719084  0  -0.539466  0  -0.835269  0  0.467378  0  0.67244  0  0.860183  0  
5  0.00748921  0  -0.594832  0  -0.749786  0  0.578366  0  0.644117  0  0.777517  0  
6  0.203346  0  -0.458245  0  -0.863711  0  0.540839  0  0.586558  0  0.872603  0  
7  -0.289651  0  -0.416345  0  -0.844928  0  0.511985  0  0.598033  0  0.889982  0  
8  0.202101  0  -0.462563  0  -0.860935  0  0.542435  0  0.593544  0  0.864022  0  
9  0.238642  0  -0.524307  0  -0.812789  0  0.557525  0  0.624118  0  0.818357  0  
10  0.120796  0  -0.534425  0  -0.835714  0  0.492211  0  0.652656  0  0.855133  0  
11  0.0335847  0  -0.488284  0  -0.843106  0  0.402043  0  0.700835  0  0.897122  0  
12  0.128678  0  -0.600154  0  -0.778523  0  0.446958  0  0.719608  0  0.833434  0  
13  0.112488  0  -0.66658  0  -0.731967  0  0.494919  0  0.725458  0  0.779623  0  
14  -0.0889209  0  -0.549009  0  -0.826532  0  0.461722  0  0.68063  0  0.857648  0  
15  0.102929  0  -0.539542  0  -0.769527  0  0.66386  0  0.55309  0  0.78305  0  
