#site Sx Sy Sz Sx2 Sy2 Sz2
0  -0.252488  0  -0.614479  0  -0.58338  0  0.571855  0  0.661008  0  0.767137  0  
1  0.234136  0  -0.884095  0  -0.113725  0  0.425029  0  0.96477  0  0.610201  0  
2  -0.0611079  0  -0.054832  0  0.0477288  0  0.434954  0  0.643178  0  0.921868  0  
3  -0.590838  0  0.191316  0  0.279186  0  0.949575  0  0.23475  0  0.815675  0  
4  0.0287236  0  0.0288703  0  -0.0190912  0  0.993807  0  0.637672  0  0.368521  0  
5  0.4485  0  0.0218334  0  0.0608748  0  0.998558  0  0.244393  0  0.757049  0  
6  -0.120347  0  0.466593  0  -0.686423  0  0.459538  0  0.654199  0  0.886263  0  
7  0.329854  0  0.47408  0  0.549696  0  0.336963  0  0.813302  0  0.849735  0  
8  0.0278576  0  -0.077732  0  0.376264  0  0.108698  0  0.90684  0  0.984461  0  
9  -0.129321  0  0.482378  0  -0.204372  0  0.293545  0  0.867008  0  0.839447  0  
10  0.014455  0  0.872966  0  0.407481  0  0.443738  0  0.92193  0  0.634332  0  
11  -0.00774226  0  -0.910799  0  0.373462  0  0.453624  0  0.935097  0  0.611279  0  
12  -0.487825  0  -0.321376  0  0.463009  0  0.900968  0  0.458155  0  0.640877  0  
13  0.0447732  0  0.101626  0  0.127017  0  0.539388  0  0.551199  0  0.909413  0  
14  0.396453  0  0.711508  0  0.361159  0  0.416926  0  0.829493  0  0.753581  0  
15  -0.67556  0  -0.000423418  0  0.146868  0  0.975164  0  0.548308  0  0.476528  0  
