#site Sx Sy Sz Sx2 Sy2 Sz2
0  0.115061  0  -0.226278  0  0.96372  0  0.499694  0  0.534555  0  0.965751  0  
1  0.0948126  0  -0.282404  0  0.929035  0  0.420504  0  0.623406  0  0.95609  0  
2  0.272171  0  -0.21343  0  0.938007  0  0.54152  0  0.519431  0  0.939049  0  
3  0.13666  0  -0.0891944  0  0.982699  0  0.467357  0  0.54629  0  0.986353  0  
4  0.0679006  0  -0.140249  0  0.98768  0  0.508432  0  0.503733  0  0.987835  0  
5  -0.0301753  0  -0.135452  0  0.977948  0  0.459139  0  0.550539  0  0.990322  0  
6  0.1602  0  -0.229538  0  0.959693  0  0.52363  0  0.516341  0  0.960029  0  
7  0.0418654  0  -0.296028  0  0.952076  0  0.489365  0  0.553799  0  0.956836  0  
8  0.127362  0  -0.170889  0  0.970305  0  0.550396  0  0.471566  0  0.978038  0  
9  0.165149  0  -0.269815  0  0.943395  0  0.482661  0  0.569627  0  0.947713  0  
10  0.0857105  0  -0.371734  0  0.905433  0  0.523218  0  0.549277  0  0.927505  0  
11  0.209109  0  -0.244307  0  0.94177  0  0.498453  0  0.557559  0  0.943988  0  
12  0.321807  0  -0.263817  0  0.898623  0  0.497647  0  0.597368  0  0.904984  0  
13  0.296075  0  -0.238849  0  0.924064  0  0.559221  0  0.514078  0  0.926701  0  
14  0.263041  0  -0.257624  0  0.919255  0  0.516025  0  0.562124  0  0.92185  0  
15  0.17242  0  -0.283652  0  0.941703  0  0.540415  0  0.515567  0  0.944019  0  
