#site Sx Sy Sz Sx2 Sy2 Sz2
0  -0.0358961  0  0.815893  0  -0.576063  0  0.515791  0  0.827928  0  0.656281  0  
1  -0.0371295  0  0.869821  0  -0.491696  0  0.508026  0  0.87651  0  0.615464  0  
2  -0.0339304  0  0.79506  0  -0.60378  0  0.507919  0  0.814791  0  0.67729  0  
3  -0.014266  0  0.827616  0  -0.557956  0  0.517916  0  0.837808  0  0.644276  0  
4  -0.0395242  0  0.745702  0  -0.656407  0  0.554053  0  0.757818  0  0.688129  0  
5  0.114616  0  0.814635  0  -0.567125  0  0.512519  0  0.828382  0  0.659099  0  
6  0.086511  0  0.799043  0  -0.588691  0  0.461962  0  0.837079  0  0.70096  0  
7  -0.00885991  0  0.781056  0  -0.624277  0  0.505186  0  0.803093  0  0.691721  0  
8  0.0796982  0  0.797629  0  -0.596225  0  0.481232  0  0.826527  0  0.692241  0  
9  0.0965296  0  0.824192  0  -0.555629  0  0.48511  0  0.848088  0  0.666802  0  
10  0.0911282  0  0.797971  0  -0.595535  0  0.512305  0  0.815467  0  0.672228  0  
11  0.0228927  0  0.750376  0  -0.659667  0  0.505025  0  0.780196  0  0.714779  0  
12  -0.0549167  0  0.82402  0  -0.560571  0  0.476631  0  0.847719  0  0.67565  0  
13  0.0842376  0  0.842383  0  -0.53138  0  0.507773  0  0.85506  0  0.637166  0  
14  0.00261361  0  0.832282  0  -0.542993  0  0.534069  0  0.840652  0  0.625279  0  
15  -0.112919  0  0.794744  0  -0.586291  0  0.513738  0  0.811207  0  0.675055  0  
