#site Sx Sy Sz Sx2 Sy2 Sz2
0  0.278934  0  -0.935291  0  -0.115366  0  0.592842  0  0.961516  0  0.445642  0  
1  0.0581102  0  -0.841153  0  -0.375989  0  0.31106  0  0.947015  0  0.741926  0  
2  0.03775  0  -0.933982  0  -0.285354  0  0.495592  0  0.959346  0  0.545062  0  
3  0.466073  0  -0.845899  0  -0.225274  0  0.603472  0  0.84766  0  0.548868  0  
4  0.446236  0  -0.80362  0  -0.384754  0  0.616131  0  0.837612  0  0.546257  0  
5  0.19907  0  -0.866137  0  -0.319603  0  0.468787  0  0.903883  0  0.62733  0  
6  0.477423  0  -0.624786  0  -0.612509  0  0.595595  0  0.690428  0  0.713977  0  
7  0.706086  0  -0.404276  0  -0.537519  0  0.806686  0  0.502702  0  0.690612  0  
8  0.487565  0  -0.77493  0  -0.19716  0  0.681694  0  0.81394  0  0.504367  0  
9  0.629661  0  -0.619389  0  0.365648  0  0.766598  0  0.783338  0  0.450064  0  
10  0.458255  0  -0.806879  0  -0.336898  0  0.66643  0  0.827516  0  0.506054  0  
11  0.377145  0  -0.804514  0  -0.269635  0  0.714256  0  0.906742  0  0.379002  0  
12  0.240587  0  -0.947036  0  -0.101659  0  0.445243  0  0.961612  0  0.593144  0  
13  0.416574  0  -0.73596  0  0.312119  0  0.744767  0  0.79618  0  0.459054  0  
14  0.226804  0  -0.738811  0  -0.430266  0  0.362715  0  0.918497  0  0.718788  0  
15  -0.20313  0  -0.662648  0  -0.247872  0  0.227855  0  0.931668  0  0.840477  0  
