#site Sx Sy Sz Sx2 Sy2 Sz2
0  0.342318  0  0.11105  0  0.0913015  0  0.858613  0  0.624326  0  0.51706  0  
1  0.338002  0  -0.116059  0  0.462833  0  0.600544  0  0.718923  0  0.680533  0  
2  0.165987  0  -0.225838  0  -0.350899  0  0.787145  0  0.581114  0  0.631741  0  
3  0.440246  0  0.144968  0  0.128596  0  0.857262  0  0.73411  0  0.408627  0  
4  -0.275329  0  -0.00681684  0  0.212975  0  0.846214  0  0.434151  0  0.719635  0  
5  0.27238  0  -0.261302  0  0.0130479  0  0.813448  0  0.82907  0  0.357482  0  
6  0.0176968  0  -0.50155  0  -0.769441  0  0.303743  0  0.78658  0  0.909677  0  
7  0.54417  0  0.173267  0  -0.558005  0  0.654431  0  0.548374  0  0.797196  0  
8  0.155009  0  -0.525975  0  0.280079  0  0.4274  0  0.805015  0  0.767584  0  
9  -0.756684  0  -0.548071  0  0.316966  0  0.81903  0  0.702095  0  0.478876  0  
10  -0.738182  0  -0.404693  0  0.307633  0  0.794383  0  0.730048  0  0.475568  0  
11  -0.548144  0  -0.783954  0  -0.0393175  0  0.656675  0  0.840016  0  0.503309  0  
12  -0.188649  0  -0.33697  0  0.517196  0  0.621195  0  0.677702  0  0.701103  0  
13  -0.884759  0  0.325679  0  -0.120996  0  0.934895  0  0.472736  0  0.592369  0  
14  -0.792784  0  0.305023  0  0.106021  0  0.918686  0  0.373853  0  0.707461  0  
15  -0.79706  0  -0.230449  0  0.314515  0  0.86281  0  0.530736  0  0.606454  0  
