#site Sx Sy Sz Sx2 Sy2 Sz2
0  -0.0103236  0  -0.0293318  0  -0.419042  0  0.597636  0  0.404001  0  0.998362  0  
1  0.0642501  0  0.721096  0  0.395139  0  0.74892  0  0.817239  0  0.433841  0  
2  0.12465  0  -0.0382633  0  0.566502  0  0.185847  0  0.859691  0  0.954462  0  
3  -0.50479  0  0.484175  0  0.652147  0  0.632988  0  0.706675  0  0.660337  0  
4  -0.550583  0  0.293128  0  -0.296659  0  0.742514  0  0.866378  0  0.391109  0  
5  0.179667  0  -0.21299  0  -0.295561  0  0.824392  0  0.621841  0  0.553767  0  
6  -0.0846903  0  -0.672539  0  0.130473  0  0.248459  0  0.968941  0  0.7826  0  
7  -0.252896  0  0.478031  0  0.0920002  0  0.801556  0  0.979226  0  0.219218  0  
8  -0.218123  0  0.593947  0  0.26764  0  0.812157  0  0.797266  0  0.390577  0  
9  -0.756137  0  0.480724  0  -0.352109  0  0.859556  0  0.61498  0  0.525463  0  
10  -0.420966  0  0.754085  0  0.337393  0  0.618274  0  0.893888  0  0.487837  0  
11  -0.189757  0  0.527046  0  -0.765965  0  0.418774  0  0.746348  0  0.834878  0  
12  -0.222141  0  -0.372579  0  -0.106924  0  0.554915  0  0.718372  0  0.726712  0  
13  -0.197659  0  0.491728  0  0.830698  0  0.597922  0  0.560691  0  0.841387  0  
14  -0.0519777  0  0.597793  0  -0.20384  0  0.12855  0  0.98619  0  0.88526  0  
15  0.0391533  0  0.345262  0  -0.0222607  0  0.0931505  0  0.991146  0  0.915704  0  
