#site Sx Sy Sz Sx2 Sy2 Sz2
0  0.940953  0  0.243413  0  -0.206255  0  0.945713  0  0.480519  0  0.573768  0  
1  0.892178  0  0.34551  0  -0.281764  0  0.906482  0  0.547685  0  0.545833  0  
2  0.892725  0  0.380215  0  -0.176476  0  0.899019  0  0.585026  0  0.515954  0  
3  0.870895  0  0.292557  0  -0.393849  0  0.880915  0  0.529622  0  0.589464  0  
4  0.940312  0  0.171727  0  -0.18967  0  0.965809  0  0.407349  0  0.626842  0  
5  0.920601  0  0.163052  0  -0.350712  0  0.924257  0  0.535304  0  0.540439  0  
6  0.928336  0  0.231857  0  -0.287242  0  0.930117  0  0.513293  0  0.556591  0  
7  0.862267  0  0.283768  0  -0.397868  0  0.862838  0  0.5529  0  0.584261  0  
8  0.923194  0  0.328165  0  -0.183485  0  0.925191  0  0.519519  0  0.55529  0  
9  0.927855  0  0.304485  0  -0.214137  0  0.929668  0  0.552211  0  0.518121  0  
10  0.892861  0  0.203248  0  -0.398033  0  0.901678  0  0.533784  0  0.564538  0  
11  0.87328  0  0.2184  0  -0.415637  0  0.900365  0  0.514357  0  0.585278  0  
12  0.983247  0  0.157458  0  -0.0897502  0  0.983549  0  0.503893  0  0.512557  0  
13  0.899573  0  0.260209  0  -0.340884  0  0.90703  0  0.570777  0  0.522194  0  
14  0.908655  0  0.243582  0  -0.337098  0  0.911181  0  0.546098  0  0.542722  0  
15  0.973316  0  0.14038  0  -0.160833  0  0.978943  0  0.511681  0  0.509376  0  
