#site Sx Sy Sz Sx2 Sy2 Sz2
0  0.189731  0  0.22916  0  -0.850786  0  0.362414  0  0.673101  0  0.964485  0  
1  -0.132383  0  0.00164551  0  -0.794245  0  0.726487  0  0.28125  0  0.992262  0  
2  0.0781911  0  -0.0730744  0  -0.909396  0  0.641879  0  0.366811  0  0.99131  0  
3  0.664062  0  0.164903  0  -0.364746  0  0.950773  0  0.310961  0  0.738266  0  
4  0.330896  0  0.107347  0  -0.681591  0  0.849122  0  0.195296  0  0.955581  0  
5  0.564072  0  -0.192302  0  -0.776903  0  0.610571  0  0.579998  0  0.809431  0  
6  0.532401  0  -0.291004  0  -0.772253  0  0.702499  0  0.459349  0  0.838153  0  
7  0.725789  0  -0.240398  0  -0.585174  0  0.796489  0  0.578995  0  0.624515  0  
8  0.244408  0  -0.329066  0  -0.738478  0  0.614787  0  0.565596  0  0.819618  0  
9  -0.0128724  0  -0.839118  0  -0.399632  0  0.549101  0  0.900338  0  0.550561  0  
10  0.249213  0  0.192265  0  -0.889305  0  0.60353  0  0.46672  0  0.929749  0  
11  0.48614  0  -0.310578  0  -0.810548  0  0.65415  0  0.517377  0  0.828472  0  
12  -0.156757  0  -0.847787  0  -0.354364  0  0.356064  0  0.943386  0  0.70055  0  
13  0.135964  0  -0.666542  0  -0.666788  0  0.389638  0  0.817892  0  0.79247  0  
14  0.250605  0  -0.815267  0  -0.0666384  0  0.322144  0  0.930642  0  0.747214  0  
15  0.643091  0  -0.291798  0  -0.598837  0  0.673892  0  0.567781  0  0.758327  0  
