#site Sx Sy Sz Sx2 Sy2 Sz2
0  -0.546617  0  -0.36862  0  -0.283826  0  0.859587  0  0.855905  0  0.284508  0  
1  0.730055  0  -0.395354  0  -0.442749  0  0.816064  0  0.450088  0  0.733847  0  
2  0.10664  0  -0.192281  0  -0.561283  0  0.25667  0  0.757137  0  0.986193  0  
3  0.391237  0  -0.116158  0  0.136117  0  0.882261  0  0.206494  0  0.911245  0  
4  -0.394899  0  -0.126255  0  -0.0907606  0  0.921756  0  0.917722  0  0.160521  0  
5  -0.795743  0  0.16071  0  0.0694704  0  0.963552  0  0.34517  0  0.691278  0  
6  0.497388  0  0.0812772  0  0.32874  0  0.966837  0  0.130281  0  0.902882  0  
7  -0.0675126  0  -0.0530831  0  -0.0743539  0  0.38667  0  0.732327  0  0.881003  0  
8  0.434263  0  0.13606  0  -0.0552013  0  0.927046  0  0.15313  0  0.919824  0  
9  0.0566347  0  -0.432218  0  -0.711387  0  0.451543  0  0.687689  0  0.860768  0  
10  -0.346318  0  0.306889  0  -0.759468  0  0.596395  0  0.600714  0  0.802891  0  
11  0.25266  0  -0.204503  0  -0.601811  0  0.313362  0  0.756875  0  0.929763  0  
12  0.0825343  0  0.102201  0  -0.427817  0  0.743257  0  0.273184  0  0.983559  0  
13  -0.36647  0  0.774218  0  -0.504678  0  0.53553  0  0.823847  0  0.640624  0  
14  -0.318338  0  0.506635  0  0.377972  0  0.709473  0  0.865928  0  0.424599  0  
15  -0.70265  0  0.082778  0  0.200178  0  0.932511  0  0.575181  0  0.492308  0  
