#site Sx Sy Sz Sx2 Sy2 Sz2
0  -0.132231  0  -0.887997  0  0.439189  0  0.518964  0  0.894151  0  0.586884  0  
1  -0.118175  0  -0.891261  0  0.437811  0  0.508105  0  0.897064  0  0.594832  0  
2  -0.112718  0  -0.897121  0  0.426777  0  0.507724  0  0.90309  0  0.589186  0  
3  -0.107273  0  -0.889871  0  0.443348  0  0.50657  0  0.896142  0  0.597289  0  
4  -0.110898  0  -0.899192  0  0.421258  0  0.526297  0  0.901747  0  0.571956  0  
5  -0.13572  0  -0.858738  0  0.492509  0  0.493837  0  0.8744  0  0.631763  0  
6  -0.13467  0  -0.882778  0  0.449783  0  0.515695  0  0.887969  0  0.596335  0  
7  -0.15051  0  -0.889275  0  0.431753  0  0.5062  0  0.896597  0  0.597203  0  
8  -0.130232  0  -0.869722  0  0.474958  0  0.522685  0  0.87469  0  0.602625  0  
9  -0.0698714  0  -0.87401  0  0.48038  0  0.501802  0  0.882901  0  0.615297  0  
10  -0.16426  0  -0.880464  0  0.444459  0  0.50573  0  0.889027  0  0.605243  0  
11  -0.131031  0  -0.8768  0  0.45775  0  0.532885  0  0.878724  0  0.588391  0  
12  -0.0901625  0  -0.869373  0  0.485769  0  0.507518  0  0.877378  0  0.615104  0  
13  -0.095541  0  -0.855416  0  0.506652  0  0.484106  0  0.870854  0  0.645041  0  
14  -0.115656  0  -0.861175  0  0.493285  0  0.509961  0  0.868635  0  0.621404  0  
15  -0.117934  0  -0.874752  0  0.469025  0  0.509593  0  0.883843  0  0.606565  0  
