#site Sx Sy Sz Sx2 Sy2 Sz2
0  -0.523649  0  0.144104  0  0.838061  0  0.61921  0  0.535715  0  0.845075  0  
1  -0.358464  0  0.220574  0  0.889313  0  0.525791  0  0.581819  0  0.89239  0  
2  -0.529463  0  0.246842  0  0.810895  0  0.629122  0  0.546556  0  0.824322  0  
3  -0.506723  0  0.239803  0  0.823476  0  0.597417  0  0.565998  0  0.836585  0  
4  -0.439649  0  0.246161  0  0.859922  0  0.595387  0  0.542152  0  0.862461  0  
5  -0.438404  0  0.514472  0  0.732547  0  0.626572  0  0.604188  0  0.76924  0  
6  -0.488574  0  -0.0937599  0  0.850535  0  0.625756  0  0.510037  0  0.864207  0  
7  -0.405189  0  0.219699  0  0.884626  0  0.555671  0  0.557  0  0.88733  0  
8  -0.480935  0  0.148484  0  0.86133  0  0.631954  0  0.495765  0  0.872281  0  
9  -0.294206  0  0.178353  0  0.934198  0  0.506921  0  0.552092  0  0.940987  0  
10  -0.46518  0  0.0335064  0  0.881095  0  0.605943  0  0.505679  0  0.888378  0  
11  -0.459878  0  0.39968  0  0.789402  0  0.611236  0  0.589375  0  0.799389  0  
12  -0.55415  0  0.0229918  0  0.831873  0  0.647643  0  0.508716  0  0.843641  0  
13  -0.375622  0  0.0909194  0  0.917173  0  0.534981  0  0.544185  0  0.920835  0  
14  -0.560081  0  0.113721  0  0.79263  0  0.704376  0  0.434476  0  0.861148  0  
15  -0.588108  0  0.214917  0  0.776951  0  0.659646  0  0.535161  0  0.805193  0  
