#site Sx Sy Sz Sx2 Sy2 Sz2
0  -0.163321  0  0.232084  0  -0.94362  0  0.521681  0  0.513525  0  0.964794  0  
1  -0.178276  0  0.243561  0  -0.946639  0  0.570548  0  0.476936  0  0.952515  0  
2  -0.097419  0  0.174278  0  -0.979416  0  0.499368  0  0.52  0  0.980632  0  
3  -0.135141  0  0.176811  0  -0.973181  0  0.522686  0  0.501135  0  0.976179  0  
4  -0.103032  0  0.307524  0  -0.942054  0  0.546576  0  0.510628  0  0.942796  0  
5  -0.155309  0  0.325457  0  -0.931518  0  0.526431  0  0.538229  0  0.93534  0  
6  -0.213105  0  0.22228  0  -0.949723  0  0.530916  0  0.519278  0  0.949806  0  
7  -0.154793  0  0.135964  0  -0.976778  0  0.532784  0  0.487556  0  0.97966  0  
8  -0.197142  0  0.216019  0  -0.953556  0  0.50381  0  0.53625  0  0.95994  0  
9  -0.21868  0  0.263927  0  -0.936092  0  0.530622  0  0.524226  0  0.945152  0  
10  -0.185458  0  0.170892  0  -0.966709  0  0.496372  0  0.535645  0  0.967983  0  
11  -0.126643  0  0.124126  0  -0.983115  0  0.492159  0  0.524096  0  0.983745  0  
12  -0.161474  0  0.32624  0  -0.930995  0  0.525817  0  0.541246  0  0.932937  0  
13  -0.151321  0  0.174157  0  -0.969873  0  0.498372  0  0.526347  0  0.975281  0  
14  -0.168947  0  0.195505  0  -0.957108  0  0.568848  0  0.463519  0  0.967633  0  
15  -0.21104  0  0.159117  0  -0.964189  0  0.518511  0  0.515805  0  0.965684  0  
