#site Sx Sy Sz Sx2 Sy2 Sz2
0  -0.204227  0  0.88  0  0.386974  0  0.486862  0  0.918467  0  0.594671  0  
1  -0.0949327  0  0.904166  0  0.410424  0  0.539214  0  0.904707  0  0.556079  0  
2  -0.0994682  0  0.899286  0  0.365105  0  0.427441  0  0.940638  0  0.631922  0  
3  0.0813963  0  0.794411  0  0.566899  0  0.464265  0  0.849457  0  0.686278  0  
4  -0.357453  0  0.834591  0  0.383273  0  0.599889  0  0.835334  0  0.564777  0  
5  -0.00587094  0  0.899089  0  0.414414  0  0.49815  0  0.912382  0  0.589468  0  
6  -0.0089494  0  0.906026  0  0.418403  0  0.527124  0  0.907211  0  0.565665  0  
7  0.0448603  0  0.934625  0  0.337513  0  0.450094  0  0.947379  0  0.602527  0  
8  -0.065362  0  0.853239  0  0.468909  0  0.458443  0  0.898011  0  0.643546  0  
9  -0.168895  0  0.918286  0  0.267006  0  0.430839  0  0.959051  0  0.61011  0  
10  -0.00653312  0  0.89976  0  0.39794  0  0.430953  0  0.929757  0  0.63929  0  
11  -0.098945  0  0.904342  0  0.412552  0  0.487517  0  0.911542  0  0.600941  0  
12  -0.0488027  0  0.790116  0  0.574696  0  0.561034  0  0.809565  0  0.6294  0  
13  0.0604044  0  0.8154  0  0.561023  0  0.452077  0  0.856357  0  0.691566  0  
14  -0.134845  0  0.895906  0  0.344023  0  0.570956  0  0.910437  0  0.518607  0  
15  -0.0717383  0  0.834413  0  0.533843  0  0.557627  0  0.835851  0  0.606522  0  
