#site Sx Sy Sz Sx2 Sy2 Sz2
0  0.893059  0  0.136118  0  0.372591  0  0.913162  0  0.591353  0  0.495486  0  
1  0.647486  0  -0.198697  0  0.732738  0  0.694752  0  0.53831  0  0.766938  0  
2  0.718004  0  -0.234167  0  0.553174  0  0.73977  0  0.695374  0  0.564856  0  
3  0.905205  0  0.1458  0  0.367269  0  0.920968  0  0.555221  0  0.523811  0  
4  0.631619  0  0.0975916  0  0.699462  0  0.746379  0  0.491063  0  0.762558  0  
5  0.668303  0  -0.133245  0  0.541254  0  0.845372  0  0.32375  0  0.830879  0  
6  0.948239  0  -0.148622  0  -0.0288243  0  0.988693  0  0.601494  0  0.409813  0  
7  0.718392  0  -0.075484  0  0.685771  0  0.738944  0  0.547143  0  0.713912  0  
8  0.848503  0  -0.187883  0  0.487924  0  0.860386  0  0.500502  0  0.639112  0  
9  0.869961  0  -0.157812  0  0.457662  0  0.873165  0  0.526233  0  0.600602  0  
10  0.930693  0  -0.257865  0  0.244142  0  0.937987  0  0.493959  0  0.568054  0  
11  0.908855  0  -0.0478577  0  0.329241  0  0.933218  0  0.592597  0  0.474185  0  
12  0.778181  0  0.107283  0  0.578493  0  0.85758  0  0.408539  0  0.733881  0  
13  0.358355  0  0.159003  0  0.900461  0  0.604165  0  0.481668  0  0.914167  0  
14  0.880198  0  -0.275358  0  0.293904  0  0.898476  0  0.6357  0  0.465824  0  
15  0.859902  0  -0.359437  0  0.262526  0  0.903751  0  0.477538  0  0.618711  0  
