#site Sx Sy Sz Sx2 Sy2 Sz2
0  -0.806337  0  -0.579725  0  0.116547  0  0.827308  0  0.671939  0  0.500753  0  
1  -0.801484  0  -0.585651  0  0.120866  0  0.820318  0  0.669784  0  0.509898  0  
2  -0.813746  0  -0.569758  0  0.114478  0  0.829978  0  0.661333  0  0.508689  0  
3  -0.81155  0  -0.570067  0  0.125053  0  0.825233  0  0.653303  0  0.521464  0  
4  -0.799459  0  -0.584846  0  0.135116  0  0.81973  0  0.675255  0  0.505015  0  
5  -0.807527  0  -0.576958  0  0.121413  0  0.825924  0  0.663414  0  0.510661  0  
6  -0.799349  0  -0.58917  0  0.117715  0  0.820306  0  0.675861  0  0.503833  0  
7  -0.787831  0  -0.592899  0  0.166068  0  0.807647  0  0.672482  0  0.519872  0  
8  -0.806792  0  -0.577155  0  0.126232  0  0.824397  0  0.66522  0  0.510384  0  
9  -0.798337  0  -0.591796  0  0.109867  0  0.81561  0  0.671143  0  0.513247  0  
10  -0.796421  0  -0.593342  0  0.115713  0  0.817271  0  0.67369  0  0.509039  0  
11  -0.819484  0  -0.558648  0  0.127771  0  0.836735  0  0.657852  0  0.505413  0  
12  -0.815926  0  -0.562459  0  0.131138  0  0.837531  0  0.666269  0  0.4962  0  
13  -0.824776  0  -0.551905  0  0.120266  0  0.843846  0  0.656545  0  0.499609  0  
14  -0.827938  0  -0.552616  0  0.0898543  0  0.841872  0  0.654476  0  0.503652  0  
15  -0.810096  0  -0.568707  0  0.141474  0  0.830809  0  0.664306  0  0.504884  0  
