#site Sx Sy Sz Sx2 Sy2 Sz2
0  -0.591975  0  -0.685347  0  0.419993  0  0.657907  0  0.730766  0  0.611327  0  
1  -0.61436  0  -0.65445  0  0.43349  0  0.690308  0  0.73809  0  0.571601  0  
2  -0.663902  0  -0.604065  0  0.438954  0  0.73102  0  0.68724  0  0.58174  0  
3  -0.681818  0  -0.621334  0  0.366788  0  0.707835  0  0.673826  0  0.618339  0  
4  -0.60807  0  -0.67293  0  0.420056  0  0.693791  0  0.722576  0  0.583633  0  
5  -0.650787  0  -0.684571  0  0.322436  0  0.700452  0  0.72022  0  0.579328  0  
6  -0.731047  0  -0.590721  0  0.326872  0  0.779703  0  0.65229  0  0.568007  0  
7  -0.726371  0  -0.589213  0  0.344044  0  0.750212  0  0.686053  0  0.563735  0  
8  -0.641167  0  -0.636268  0  0.426374  0  0.717834  0  0.709973  0  0.572192  0  
9  -0.649397  0  -0.62611  0  0.429779  0  0.700443  0  0.700961  0  0.598596  0  
10  -0.687763  0  -0.582808  0  0.430011  0  0.729434  0  0.657903  0  0.612663  0  
11  -0.707482  0  -0.578597  0  0.390299  0  0.736602  0  0.697274  0  0.566124  0  
12  -0.61933  0  -0.646203  0  0.434236  0  0.705521  0  0.737184  0  0.557295  0  
13  -0.600072  0  -0.584302  0  0.544993  0  0.691994  0  0.669673  0  0.638333  0  
14  -0.672328  0  -0.576378  0  0.463058  0  0.717875  0  0.674613  0  0.607513  0  
15  -0.608768  0  -0.67632  0  0.411835  0  0.670563  0  0.727274  0  0.602164  0  
