#site Sx Sy Sz Sx2 Sy2 Sz2
0  -0.118748  0  -0.877483  0  0.464637  0  0.508669  0  0.88442  0  0.60691  0  
1  -0.144058  0  -0.871849  0  0.46793  0  0.515314  0  0.87859  0  0.606096  0  
2  -0.136381  0  -0.872956  0  0.468343  0  0.509215  0  0.880956  0  0.609829  0  
3  -0.14305  0  -0.869731  0  0.472321  0  0.508681  0  0.878733  0  0.612586  0  
4  -0.140323  0  -0.871612  0  0.469536  0  0.507166  0  0.879871  0  0.612963  0  
5  -0.130806  0  -0.874677  0  0.466623  0  0.510904  0  0.881613  0  0.607484  0  
6  -0.122015  0  -0.881818  0  0.455374  0  0.511612  0  0.888437  0  0.599951  0  
7  -0.121883  0  -0.878512  0  0.4616  0  0.509084  0  0.886492  0  0.604424  0  
8  -0.136831  0  -0.874907  0  0.464447  0  0.514033  0  0.882011  0  0.603956  0  
9  -0.137455  0  -0.869042  0  0.474774  0  0.519848  0  0.875723  0  0.60443  0  
10  -0.131853  0  -0.884833  0  0.446643  0  0.515387  0  0.89008  0  0.594533  0  
11  -0.128667  0  -0.881404  0  0.454287  0  0.515077  0  0.887267  0  0.597656  0  
12  -0.135534  0  -0.877574  0  0.459717  0  0.503099  0  0.886306  0  0.610594  0  
13  -0.129372  0  -0.87153  0  0.472912  0  0.507598  0  0.879584  0  0.612818  0  
14  -0.132985  0  -0.880296  0  0.455316  0  0.505315  0  0.888491  0  0.606194  0  
15  -0.124297  0  -0.880891  0  0.456629  0  0.503569  0  0.888892  0  0.607539  0  
