#site Sx Sy Sz Sx2 Sy2 Sz2
0  -0.947535  0  -0.045451  0  0.306039  0  0.953251  0  0.497175  0  0.549574  0  
1  -0.976602  0  0.0809724  0  0.0655672  0  0.994303  0  0.593434  0  0.412263  0  
2  -0.931251  0  0.286983  0  0.223853  0  0.932918  0  0.534724  0  0.532358  0  
3  -0.973677  0  0.035136  0  0.136848  0  0.99152  0  0.427792  0  0.580688  0  
4  -0.961806  0  -0.144789  0  0.221315  0  0.966545  0  0.477569  0  0.555886  0  
5  -0.969916  0  -0.0891058  0  0.222993  0  0.970602  0  0.498612  0  0.530786  0  
6  -0.983103  0  -0.00360439  0  0.172879  0  0.985362  0  0.488923  0  0.525714  0  
7  -0.978737  0  -0.155823  0  0.105547  0  0.981744  0  0.472522  0  0.545734  0  
8  -0.979087  0  0.0998203  0  0.171065  0  0.979455  0  0.520981  0  0.499564  0  
9  -0.855211  0  0.16638  0  0.478019  0  0.855888  0  0.561662  0  0.58245  0  
10  -0.983025  0  0.169501  0  0.0292838  0  0.985349  0  0.510384  0  0.504267  0  
11  -0.99  0  -0.0887475  0  0.0438777  0  0.995464  0  0.507148  0  0.497388  0  
12  -0.99484  0  0.00836969  0  0.0990589  0  0.995084  0  0.495696  0  0.50922  0  
13  -0.951692  0  0.0300365  0  0.301455  0  0.951907  0  0.524707  0  0.523386  0  
14  -0.989207  0  -0.117403  0  0.0426921  0  0.99208  0  0.479285  0  0.528636  0  
15  -0.916575  0  0.0773713  0  0.327057  0  0.951196  0  0.397279  0  0.651526  0  
