#site Sx Sy Sz Sx2 Sy2 Sz2
0  -0.36634  0  -0.894866  0  -0.238348  0  0.593315  0  0.911744  0  0.494941  0  
1  -0.400589  0  -0.887994  0  -0.221271  0  0.591318  0  0.899744  0  0.508938  0  
2  -0.244934  0  -0.93817  0  -0.236547  0  0.512938  0  0.938918  0  0.548144  0  
3  -0.259375  0  -0.931193  0  -0.248459  0  0.50583  0  0.934263  0  0.559907  0  
4  -0.321262  0  -0.93762  0  -0.120748  0  0.552465  0  0.938729  0  0.508806  0  
5  -0.395868  0  -0.901659  0  -0.161461  0  0.604817  0  0.910636  0  0.484546  0  
6  -0.369649  0  -0.896613  0  -0.229738  0  0.585044  0  0.912384  0  0.502572  0  
7  -0.342782  0  -0.911914  0  -0.218648  0  0.583512  0  0.918634  0  0.497854  0  
8  -0.306512  0  -0.949319  0  -0.0651026  0  0.537354  0  0.949672  0  0.512974  0  
9  -0.308051  0  -0.942085  0  -0.131477  0  0.55417  0  0.944075  0  0.501755  0  
10  -0.234343  0  -0.956154  0  -0.156927  0  0.501755  0  0.95709  0  0.541154  0  
11  -0.268635  0  -0.953504  0  -0.130773  0  0.553057  0  0.9557  0  0.491243  0  
12  -0.292716  0  -0.933054  0  -0.17181  0  0.489628  0  0.937629  0  0.572743  0  
13  -0.310018  0  -0.949098  0  -0.0303924  0  0.531393  0  0.949329  0  0.519278  0  
14  -0.221527  0  -0.962859  0  -0.150057  0  0.516233  0  0.965013  0  0.518754  0  
15  -0.358174  0  -0.915541  0  -0.180599  0  0.551273  0  0.918252  0  0.530476  0  
