#site Sx Sy Sz Sx2 Sy2 Sz2
0  0.116134  0  -0.184784  0  0.240439  0  0.154566  0  0.95451  0  0.890924  0  
1  0.13957  0  0.0979567  0  0.147346  0  0.619875  0  0.391556  0  0.988568  0  
2  0.216031  0  0.86392  0  -0.161856  0  0.655085  0  0.944121  0  0.400793  0  
3  0.0934856  0  0.441263  0  -0.691163  0  0.72386  0  0.469113  0  0.807028  0  
4  -0.401332  0  0.274328  0  0.168555  0  0.806719  0  0.941505  0  0.251776  0  
5  0.114302  0  0.195415  0  0.117264  0  0.950079  0  0.823938  0  0.225983  0  
6  -0.143928  0  0.512778  0  0.184372  0  0.250027  0  0.976801  0  0.773171  0  
7  -0.159087  0  0.552075  0  -0.0346595  0  0.911317  0  0.986965  0  0.101718  0  
8  -0.0578164  0  0.0757505  0  0.855235  0  0.258872  0  0.747294  0  0.993833  0  
9  0.482192  0  0.356706  0  0.693746  0  0.656792  0  0.472294  0  0.870915  0  
10  0.470355  0  0.0736796  0  0.308489  0  0.900588  0  0.481444  0  0.617968  0  
11  -0.675945  0  0.313477  0  -0.00814626  0  0.885613  0  0.48276  0  0.631627  0  
12  0.271168  0  0.586989  0  0.542842  0  0.471061  0  0.858948  0  0.669991  0  
13  0.392162  0  0.434025  0  0.230202  0  0.931515  0  0.756778  0  0.311707  0  
14  -0.0791208  0  0.185343  0  -0.219578  0  0.851818  0  0.591972  0  0.55621  0  
15  -0.699967  0  0.415254  0  -0.561388  0  0.763574  0  0.528433  0  0.707993  0  
