#site Sx Sy Sz Sx2 Sy2 Sz2
0  -0.453608  0  -0.24992  0  0.417261  0  0.770149  0  0.30703  0  0.922821  0  
1  -0.529775  0  -0.140904  0  0.659504  0  0.797183  0  0.303593  0  0.899224  0  
2  0.602689  0  -0.0832575  0  0.543379  0  0.729552  0  0.657734  0  0.612714  0  
3  -0.144848  0  -0.593138  0  0.660139  0  0.605185  0  0.63468  0  0.760134  0  
4  -0.444596  0  -0.17813  0  -0.766842  0  0.466417  0  0.696296  0  0.837287  0  
5  -0.301876  0  -0.0395738  0  -0.568624  0  0.844241  0  0.21839  0  0.937369  0  
6  -0.324504  0  0.116097  0  -0.579075  0  0.400303  0  0.737646  0  0.86205  0  
7  -0.258231  0  -0.59934  0  -0.329418  0  0.373402  0  0.786714  0  0.839884  0  
8  0.478628  0  0.440077  0  0.0483932  0  0.653571  0  0.642259  0  0.70417  0  
9  -0.169621  0  -0.588757  0  0.315967  0  0.844866  0  0.777251  0  0.377882  0  
10  -0.433279  0  -0.224441  0  -0.321435  0  0.711373  0  0.908047  0  0.380581  0  
11  -0.185838  0  0.497475  0  0.811813  0  0.629617  0  0.555048  0  0.815335  0  
12  -0.363193  0  0.425692  0  0.184379  0  0.933028  0  0.780538  0  0.286434  0  
13  0.341561  0  -0.0189586  0  0.179875  0  0.791311  0  0.961236  0  0.247453  0  
14  -0.315542  0  -0.26506  0  0.0685805  0  0.591232  0  0.505725  0  0.903043  0  
15  0.232565  0  0.811916  0  0.485964  0  0.631453  0  0.82855  0  0.539997  0  
