#site Sx Sy Sz Sx2 Sy2 Sz2
0  0.313611  0  0.692449  0  -0.388175  0  0.385144  0  0.809862  0  0.804994  0  
1  0.775623  0  -0.292358  0  0.32445  0  0.825301  0  0.628829  0  0.54587  0  
2  0.625581  0  -0.164918  0  0.238209  0  0.975538  0  0.399725  0  0.624737  0  
3  -0.326279  0  -0.518979  0  0.225316  0  0.869987  0  0.90232  0  0.227692  0  
4  -0.849957  0  -0.0830546  0  -0.374329  0  0.9444  0  0.325229  0  0.730371  0  
5  -0.469714  0  0.197847  0  0.110806  0  0.879507  0  0.829986  0  0.290507  0  
6  -0.0880184  0  0.169586  0  -0.165329  0  0.655845  0  0.8434  0  0.500754  0  
7  -0.709186  0  -0.3496  0  -0.0329469  0  0.961281  0  0.830087  0  0.208633  0  
8  -0.167567  0  -0.621516  0  -0.204818  0  0.847918  0  0.930651  0  0.221431  0  
9  0.233442  0  -0.703684  0  0.662555  0  0.56974  0  0.72394  0  0.706321  0  
10  -0.0331765  0  0.81665  0  0.518025  0  0.569381  0  0.839693  0  0.590926  0  
11  -0.642634  0  0.428949  0  0.156875  0  0.828099  0  0.480675  0  0.691226  0  
12  0.701156  0  -0.631958  0  0.0595956  0  0.775036  0  0.701018  0  0.523946  0  
13  0.305123  0  -0.24157  0  0.0528399  0  0.946875  0  0.792977  0  0.260148  0  
14  -0.451007  0  -0.62719  0  0.230087  0  0.55662  0  0.873089  0  0.570291  0  
15  -0.272184  0  0.00543804  0  0.0444474  0  0.997865  0  0.0374008  0  0.964734  0  
