#site Sx Sy Sz Sx2 Sy2 Sz2
0  0.652015  0  -0.693685  0  -0.302175  0  0.712588  0  0.752629  0  0.534782  0  
1  0.36284  0  -0.706715  0  -0.58259  0  0.635912  0  0.719448  0  0.64464  0  
2  0.500612  0  -0.63415  0  -0.538341  0  0.640569  0  0.771314  0  0.588117  0  
3  0.667992  0  -0.616988  0  -0.263858  0  0.761588  0  0.800082  0  0.43833  0  
4  0.781442  0  -0.564409  0  -0.155174  0  0.859124  0  0.72448  0  0.416396  0  
5  0.324514  0  -0.525244  0  -0.623807  0  0.361832  0  0.800464  0  0.837703  0  
6  0.395259  0  -0.770666  0  -0.473943  0  0.513538  0  0.815774  0  0.670687  0  
7  0.807968  0  -0.519314  0  -0.263746  0  0.829908  0  0.66588  0  0.504212  0  
8  0.787639  0  -0.433563  0  -0.416905  0  0.835529  0  0.619287  0  0.545184  0  
9  0.703093  0  -0.541667  0  -0.451267  0  0.769157  0  0.660254  0  0.57059  0  
10  0.641878  0  -0.488166  0  -0.585338  0  0.690547  0  0.612814  0  0.696639  0  
11  0.733869  0  -0.522241  0  -0.421577  0  0.79197  0  0.61377  0  0.594259  0  
12  0.612155  0  -0.458659  0  -0.606457  0  0.761901  0  0.548721  0  0.689378  0  
13  0.513962  0  -0.641798  0  -0.563242  0  0.6313  0  0.728879  0  0.639822  0  
14  0.622438  0  -0.544923  0  -0.536464  0  0.663603  0  0.706948  0  0.629449  0  
15  0.628892  0  -0.740873  0  -0.232423  0  0.704672  0  0.783815  0  0.511513  0  
