#site Sx Sy Sz Sx2 Sy2 Sz2
0  0.954981  0  0.272973  0  -0.0879926  0  0.96051  0  0.537184  0  0.502305  0  
1  0.95398  0  0.11859  0  0.09452  0  0.990036  0  0.443709  0  0.566255  0  
2  0.994875  0  -0.0512471  0  0.0333982  0  0.998037  0  0.46157  0  0.540393  0  
3  0.763816  0  0.359991  0  -0.315217  0  0.81117  0  0.47171  0  0.71712  0  
4  0.981047  0  0.0145491  0  0.0768221  0  0.996441  0  0.581983  0  0.421576  0  
5  0.967648  0  0.155941  0  -0.0125029  0  0.985856  0  0.446562  0  0.567582  0  
6  0.894312  0  0.060522  0  -0.231074  0  0.964231  0  0.446835  0  0.588934  0  
7  0.98697  0  -0.144341  0  0.0232084  0  0.989543  0  0.532091  0  0.478366  0  
8  0.967519  0  0.0657451  0  -0.0475371  0  0.996673  0  0.620632  0  0.382695  0  
9  0.968716  0  0.0505212  0  0.0496337  0  0.997088  0  0.609235  0  0.393677  0  
10  0.947048  0  0.227871  0  -0.200048  0  0.95368  0  0.576238  0  0.470082  0  
11  0.866978  0  0.0733353  0  0.451179  0  0.907917  0  0.447328  0  0.644755  0  
12  0.84879  0  0.0386696  0  -0.15937  0  0.980403  0  0.651993  0  0.367603  0  
13  0.994552  0  0.0145103  0  -0.0667541  0  0.997623  0  0.521806  0  0.48057  0  
14  0.937489  0  -0.147969  0  -0.0854912  0  0.986845  0  0.658645  0  0.35451  0  
15  0.970529  0  0.119299  0  0.0820229  0  0.989568  0  0.601381  0  0.409051  0  
