#site Sx Sy Sz Sx2 Sy2 Sz2
0  -0.0653349  0  0.563112  0  0.545889  0  0.746989  0  0.653578  0  0.599433  0  
1  -0.336811  0  0.52215  0  -0.556003  0  0.423044  0  0.701333  0  0.875623  0  
2  -0.0258558  0  0.145442  0  0.101328  0  0.161555  0  0.986952  0  0.851493  0  
3  0.165754  0  0.279955  0  -0.0597559  0  0.321053  0  0.827202  0  0.851744  0  
4  -0.767201  0  0.168772  0  -0.374338  0  0.847337  0  0.54161  0  0.611052  0  
5  -0.531049  0  0.502328  0  -0.0116082  0  0.669929  0  0.640642  0  0.689428  0  
6  0.246563  0  0.67905  0  -0.300804  0  0.270157  0  0.895783  0  0.834059  0  
7  0.276493  0  0.0919891  0  -0.922641  0  0.473311  0  0.571464  0  0.955224  0  
8  -0.139282  0  0.145387  0  -0.246091  0  0.944644  0  0.230786  0  0.824569  0  
9  0.297408  0  -0.360653  0  -0.1122  0  0.429572  0  0.631823  0  0.938606  0  
10  0.113479  0  0.102941  0  0.0231042  0  0.898212  0  0.977725  0  0.124063  0  
11  -0.114985  0  -0.604106  0  -0.782035  0  0.552272  0  0.653337  0  0.794391  0  
12  0.547396  0  -0.35872  0  0.500649  0  0.581596  0  0.807064  0  0.61134  0  
13  0.104472  0  -0.0848298  0  0.281571  0  0.145133  0  0.976716  0  0.878151  0  
14  0.228056  0  -0.138244  0  -0.405447  0  0.73439  0  0.284797  0  0.980813  0  
15  0.215377  0  -0.827242  0  -0.0451671  0  0.604586  0  0.97839  0  0.417024  0  
