#site Sx Sy Sz Sx2 Sy2 Sz2
0  0.273394  0  -0.835145  0  0.476548  0  0.534675  0  0.846516  0  0.618809  0  
1  0.228371  0  -0.789312  0  0.568926  0  0.541709  0  0.80773  0  0.650561  0  
2  0.345909  0  -0.834995  0  0.426135  0  0.572314  0  0.843745  0  0.583942  0  
3  0.32676  0  -0.801333  0  0.498075  0  0.577925  0  0.817377  0  0.604698  0  
4  0.279709  0  -0.821253  0  0.493196  0  0.56593  0  0.835923  0  0.598146  0  
5  0.250763  0  -0.768698  0  0.572801  0  0.470086  0  0.81882  0  0.711094  0  
6  0.353645  0  -0.810614  0  0.462733  0  0.543819  0  0.839593  0  0.616588  0  
7  0.305659  0  -0.821078  0  0.47806  0  0.539068  0  0.847924  0  0.613008  0  
8  0.265794  0  -0.831671  0  0.484187  0  0.52204  0  0.844168  0  0.633792  0  
9  0.272567  0  -0.808703  0  0.510533  0  0.581836  0  0.814201  0  0.603963  0  
10  0.250995  0  -0.825028  0  0.505362  0  0.538036  0  0.836023  0  0.625941  0  
11  0.263827  0  -0.816275  0  0.50595  0  0.50001  0  0.838605  0  0.661385  0  
12  0.204815  0  -0.824846  0  0.512745  0  0.567722  0  0.840035  0  0.592243  0  
13  0.245544  0  -0.770469  0  0.574732  0  0.564711  0  0.802169  0  0.63312  0  
14  0.344705  0  -0.843504  0  0.406099  0  0.588286  0  0.851333  0  0.560381  0  
15  0.359126  0  -0.772624  0  0.521384  0  0.555505  0  0.794421  0  0.650074  0  
