#site Sx Sy Sz Sx2 Sy2 Sz2
0  -0.256983  0  0.928508  0  0.12877  0  0.530811  0  0.947602  0  0.521587  0  
1  0.431248  0  -0.871813  0  -0.22721  0  0.608735  0  0.879905  0  0.511361  0  
2  -0.368107  0  0.88701  0  0.275322  0  0.549064  0  0.893734  0  0.557202  0  
3  0.587811  0  -0.806023  0  0.01341  0  0.651771  0  0.814645  0  0.533584  0  
4  0.565939  0  -0.787608  0  -0.121113  0  0.71706  0  0.834237  0  0.448704  0  
5  -0.574928  0  0.717907  0  0.391039  0  0.655188  0  0.754065  0  0.590747  0  
6  0.518513  0  -0.811118  0  -0.254211  0  0.637432  0  0.818441  0  0.544128  0  
7  -0.668619  0  0.72195  0  0.0781469  0  0.725256  0  0.752524  0  0.52222  0  
8  -0.605857  0  0.791594  0  -0.0220478  0  0.675512  0  0.811034  0  0.513454  0  
9  0.753097  0  -0.561146  0  -0.294649  0  0.794323  0  0.718976  0  0.486701  0  
10  -0.47644  0  0.769946  0  0.41798  0  0.585634  0  0.801043  0  0.613323  0  
11  0.356714  0  -0.903665  0  -0.0845173  0  0.633312  0  0.933434  0  0.433255  0  
12  0.40916  0  -0.904982  0  -0.0714949  0  0.605474  0  0.919575  0  0.474951  0  
13  -0.405213  0  0.788162  0  0.448493  0  0.534875  0  0.821487  0  0.643638  0  
14  0.592161  0  -0.735165  0  -0.306132  0  0.638384  0  0.764577  0  0.597039  0  
15  -0.665501  0  0.701414  0  -0.119362  0  0.684811  0  0.735567  0  0.579622  0  
16  0.000175825  0  0.00276376  0  -0.0559394  0  0.00203504  0  0.997991  0  0.999974  0  
17  -0.0160542  0  -0.00306248  0  0.106996  0  0.986219  0  0.0140094  0  0.999772  0  
18  0.000130975  0  -0.00219837  0  0.00596701  0  0.00482547  0  0.995189  0  0.999986  0  
19  0.0456838  0  -0.00194668  0  -0.247463  0  0.98321  0  0.0175233  0  0.999267  0  
20  0.0120762  0  0.00113066  0  0.0406364  0  0.999494  0  0.00116489  0  0.999341  0  
21  0.00134931  0  0.00578719  0  0.0933765  0  0.0107888  0  0.989295  0  0.999917  0  
22  -0.00111895  0  0.000333579  0  0.0263024  0  0.99977  0  0.000398966  0  0.999831  0  
23  -0.000676605  0  -0.00535836  0  0.0796886  0  0.00455253  0  0.995599  0  0.999848  0  
24  0.000732001  0  -0.0632097  0  0.0920503  0  0.00595108  0  0.99565  0  0.998399  0  
25  -0.045525  0  -0.000863497  0  0.0767111  0  0.99519  0  0.00586081  0  0.998949  0  
26  0.000770711  0  -0.0206674  0  0.0934158  0  0.00241088  0  0.997785  0  0.999804  0  
27  0.0140114  0  -0.00176863  0  -0.253435  0  0.949611  0  0.0504518  0  0.999937  0  
28  -0.0310325  0  0.000694431  0  0.0567221  0  0.997776  0  0.00253584  0  0.999689  0  
29  -0.00256627  0  -0.0413771  0  0.0705173  0  0.00874511  0  0.991843  0  0.999412  0  
30  -0.027645  0  0.00216077  0  0.0841732  0  0.995517  0  0.00474815  0  0.999735  0  
31  -0.000394291  0  0.00023498  0  -0.037079  0  0.0166272  0  0.983468  0  0.999905  0  
