#site Sx Sy Sz Sx2 Sy2 Sz2
0  0.319138  0  0.287048  0  -0.78395  0  0.505677  0  0.65864  0  0.835683  0  
1  0.585885  0  0.252774  0  -0.701059  0  0.773255  0  0.389171  0  0.837574  0  
2  0.377592  0  0.151178  0  -0.873997  0  0.687923  0  0.382644  0  0.929433  0  
3  0.27168  0  0.298391  0  -0.91062  0  0.563017  0  0.514289  0  0.922695  0  
4  0.010209  0  0.293953  0  -0.893882  0  0.585336  0  0.470885  0  0.943779  0  
5  0.111487  0  0.131652  0  -0.957141  0  0.459569  0  0.559177  0  0.981254  0  
6  -0.0421689  0  0.358076  0  -0.921546  0  0.566887  0  0.507231  0  0.925882  0  
7  0.238176  0  0.26736  0  -0.84033  0  0.352706  0  0.709247  0  0.938047  0  
8  0.0336831  0  0.281229  0  -0.855959  0  0.715415  0  0.354091  0  0.930494  0  
9  0.0883168  0  0.326844  0  -0.876949  0  0.400262  0  0.644335  0  0.955402  0  
10  0.223651  0  -0.0317605  0  -0.939797  0  0.645614  0  0.375529  0  0.978857  0  
11  0.0995538  0  0.188797  0  -0.865136  0  0.504117  0  0.513935  0  0.981948  0  
12  0.246729  0  0.497086  0  -0.725378  0  0.516624  0  0.713211  0  0.770164  0  
13  0.462226  0  0.34997  0  -0.814368  0  0.615227  0  0.550176  0  0.834597  0  
14  0.471845  0  0.29555  0  -0.806804  0  0.605334  0  0.526702  0  0.867964  0  
15  -0.081377  0  0.500177  0  -0.796736  0  0.460544  0  0.683729  0  0.855727  0  
