#site Sx Sy Sz Sx2 Sy2 Sz2
0  -0.292581  0  -0.259397  0  0.914101  0  0.581178  0  0.501196  0  0.917626  0  
1  -0.282954  0  -0.189896  0  0.940147  0  0.539698  0  0.518365  0  0.941937  0  
2  -0.414356  0  -0.123879  0  0.884723  0  0.52353  0  0.580898  0  0.895572  0  
3  -0.301765  0  -0.14555  0  0.925781  0  0.595947  0  0.45182  0  0.952233  0  
4  -0.354466  0  -0.371404  0  0.851064  0  0.517103  0  0.609883  0  0.873014  0  
5  -0.0949929  0  -0.241067  0  0.953625  0  0.432223  0  0.59735  0  0.970427  0  
6  -0.330373  0  -0.335049  0  0.875885  0  0.514818  0  0.589491  0  0.895691  0  
7  -0.269839  0  -0.0802842  0  0.957697  0  0.560784  0  0.476626  0  0.96259  0  
8  -0.207155  0  -0.247603  0  0.94405  0  0.491188  0  0.559235  0  0.949576  0  
9  -0.141597  0  -0.280733  0  0.928622  0  0.501713  0  0.541289  0  0.956998  0  
10  -0.31025  0  -0.521901  0  0.784617  0  0.53874  0  0.628036  0  0.833223  0  
11  -0.36235  0  -0.0498378  0  0.9287  0  0.572357  0  0.494979  0  0.932664  0  
12  -0.305219  0  -0.191903  0  0.928019  0  0.528768  0  0.54294  0  0.928292  0  
13  -0.244898  0  -0.148063  0  0.957226  0  0.51355  0  0.528992  0  0.957458  0  
14  -0.169494  0  -0.290058  0  0.915032  0  0.460385  0  0.585755  0  0.95386  0  
15  -0.263475  0  -0.0928484  0  0.942495  0  0.535892  0  0.509287  0  0.954821  0  
