#site Sx Sy Sz Sx2 Sy2 Sz2
0  0.0689358  0  -0.130246  0  0.961907  0  0.584302  0  0.426721  0  0.988978  0  
1  0.0821813  0  0.165116  0  0.935274  0  0.402287  0  0.61736  0  0.980353  0  
2  -0.121948  0  0.508959  0  0.845538  0  0.506789  0  0.6258  0  0.867411  0  
3  -0.139154  0  0.468926  0  0.811063  0  0.667722  0  0.503497  0  0.828781  0  
4  -0.114598  0  0.349994  0  0.89611  0  0.621983  0  0.467627  0  0.91039  0  
5  -0.219623  0  0.29753  0  0.919136  0  0.578866  0  0.498441  0  0.922693  0  
6  -0.0856508  0  0.244935  0  0.964172  0  0.487153  0  0.54482  0  0.968027  0  
7  -0.176616  0  0.31659  0  0.925906  0  0.553072  0  0.512357  0  0.934571  0  
8  -0.396487  0  0.0271207  0  0.886349  0  0.59681  0  0.487137  0  0.916053  0  
9  -0.169119  0  0.412949  0  0.890944  0  0.526817  0  0.57022  0  0.902963  0  
10  -0.439021  0  0.259675  0  0.855028  0  0.578445  0  0.564918  0  0.856636  0  
11  -0.180529  0  0.277056  0  0.939292  0  0.50612  0  0.544107  0  0.949773  0  
12  -0.527441  0  0.13987  0  0.767563  0  0.59681  0  0.56642  0  0.83677  0  
13  -0.362722  0  0.444262  0  0.791671  0  0.562991  0  0.574924  0  0.862086  0  
14  -0.218141  0  0.285835  0  0.914255  0  0.439162  0  0.620682  0  0.940156  0  
15  -0.556511  0  0.232757  0  0.779459  0  0.705985  0  0.482259  0  0.811756  0  
