#site Sx Sy Sz Sx2 Sy2 Sz2
0  -0.700029  0  0.228855  0  0.374732  0  0.794405  0  0.535679  0  0.669916  0  
1  0.205013  0  0.125603  0  0.233953  0  0.452868  0  0.68232  0  0.864812  0  
2  0.228995  0  0.603998  0  0.656274  0  0.70864  0  0.606494  0  0.684866  0  
3  -0.934902  0  0.0959425  0  0.0134571  0  0.992959  0  0.336339  0  0.670702  0  
4  -0.433032  0  -0.178106  0  0.705407  0  0.827226  0  0.27742  0  0.895354  0  
5  0.845719  0  -0.214273  0  0.0661969  0  0.960185  0  0.330133  0  0.709682  0  
6  0.342828  0  0.422687  0  -0.753913  0  0.445246  0  0.743564  0  0.811191  0  
7  -0.700623  0  -0.0906461  0  0.0356698  0  0.983971  0  0.312385  0  0.703644  0  
8  0.263213  0  -0.824465  0  0.266999  0  0.349512  0  0.922431  0  0.728057  0  
9  0.387192  0  -0.11803  0  0.103686  0  0.870492  0  0.352098  0  0.77741  0  
10  0.581913  0  0.5885  0  -0.316712  0  0.707847  0  0.845788  0  0.446364  0  
11  -0.282184  0  0.292004  0  0.557724  0  0.582692  0  0.712111  0  0.705197  0  
12  -0.462352  0  -0.698952  0  -0.0905439  0  0.505451  0  0.761901  0  0.732648  0  
13  -0.231684  0  0.183211  0  0.587783  0  0.232882  0  0.87211  0  0.895008  0  
14  0.655284  0  0.111238  0  -0.0499621  0  0.993604  0  0.863811  0  0.142585  0  
15  0.137276  0  0.744742  0  0.545665  0  0.61069  0  0.763394  0  0.625917  0  
