#site Sx Sy Sz Sx2 Sy2 Sz2
0  -0.786721  0  -0.593962  0  0.16776  0  0.808675  0  0.677546  0  0.513779  0  
1  -0.803295  0  -0.574439  0  0.155925  0  0.826389  0  0.669884  0  0.503726  0  
2  -0.822157  0  -0.554032  0  0.126514  0  0.841346  0  0.664061  0  0.494593  0  
3  -0.794265  0  -0.584456  0  0.163359  0  0.810289  0  0.662881  0  0.52683  0  
4  -0.786523  0  -0.588986  0  0.182665  0  0.80956  0  0.66611  0  0.524331  0  
5  -0.829799  0  -0.546056  0  0.106241  0  0.851371  0  0.66488  0  0.48375  0  
6  -0.84584  0  -0.520157  0  0.115802  0  0.857053  0  0.62922  0  0.513727  0  
7  -0.798147  0  -0.582902  0  0.147471  0  0.825361  0  0.676986  0  0.497653  0  
8  -0.819179  0  -0.556534  0  0.133956  0  0.830396  0  0.647304  0  0.522301  0  
9  -0.806727  0  -0.580307  0  0.106862  0  0.825072  0  0.671961  0  0.502967  0  
10  -0.833953  0  -0.536528  0  0.124147  0  0.850429  0  0.654516  0  0.495055  0  
11  -0.806264  0  -0.574549  0  0.137178  0  0.824547  0  0.669654  0  0.505799  0  
12  -0.790567  0  -0.593949  0  0.146239  0  0.815834  0  0.676512  0  0.507654  0  
13  -0.793027  0  -0.597204  0  0.118335  0  0.81559  0  0.676833  0  0.507577  0  
14  -0.834474  0  -0.542701  0  0.091389  0  0.852327  0  0.657206  0  0.490467  0  
15  -0.816521  0  -0.563634  0  0.124545  0  0.831824  0  0.656639  0  0.511536  0  
