#site Sx Sy Sz Sx2 Sy2 Sz2
0  0.5273  0  0.0240011  0  0.848001  0  0.622232  0  0.524053  0  0.853715  0  
1  0.452281  0  0.0155577  0  0.880725  0  0.636243  0  0.460714  0  0.903043  0  
2  0.478574  0  0.150398  0  0.864691  0  0.607908  0  0.518151  0  0.87394  0  
3  0.581456  0  -0.0114349  0  0.808941  0  0.689107  0  0.471028  0  0.839865  0  
4  0.614647  0  0.0524387  0  0.778126  0  0.723547  0  0.452245  0  0.824207  0  
5  0.614216  0  0.0937795  0  0.775892  0  0.658313  0  0.554031  0  0.787657  0  
6  0.545425  0  0.0500146  0  0.831716  0  0.650557  0  0.497464  0  0.85198  0  
7  0.519893  0  0.00347073  0  0.839692  0  0.672663  0  0.452552  0  0.874785  0  
8  0.484691  0  0.0131752  0  0.872703  0  0.63018  0  0.484307  0  0.885513  0  
9  0.485376  0  0.0904092  0  0.86517  0  0.585992  0  0.545504  0  0.868504  0  
10  0.338985  0  -0.0612612  0  0.928635  0  0.540149  0  0.525624  0  0.934227  0  
11  0.393607  0  0.0040678  0  0.908314  0  0.561295  0  0.520851  0  0.917853  0  
12  0.487838  0  0.0145455  0  0.867313  0  0.64299  0  0.46941  0  0.8876  0  
13  0.501805  0  0.0658343  0  0.841962  0  0.636974  0  0.500895  0  0.862131  0  
14  0.476327  0  -0.116463  0  0.867388  0  0.599607  0  0.530195  0  0.870198  0  
15  0.59213  0  -0.13495  0  0.781501  0  0.634519  0  0.572236  0  0.793245  0  
