#site Sx Sy Sz Sx2 Sy2 Sz2
0  -0.486246  0  -0.644072  0  0.580432  0  0.587805  0  0.740037  0  0.672158  0  
1  -0.427041  0  -0.629668  0  0.648758  0  0.588483  0  0.696533  0  0.714984  0  
2  -0.524133  0  -0.620403  0  0.579176  0  0.61478  0  0.71109  0  0.67413  0  
3  -0.43428  0  -0.641497  0  0.631889  0  0.584741  0  0.709247  0  0.706013  0  
4  -0.420214  0  -0.640058  0  0.635202  0  0.567647  0  0.69932  0  0.733033  0  
5  -0.402445  0  -0.718798  0  0.566631  0  0.585784  0  0.759331  0  0.654885  0  
6  -0.370258  0  -0.698671  0  0.611862  0  0.564273  0  0.742801  0  0.692926  0  
7  -0.431198  0  -0.666696  0  0.607366  0  0.603231  0  0.716288  0  0.680481  0  
8  -0.364438  0  -0.603926  0  0.707495  0  0.548741  0  0.690736  0  0.760523  0  
9  -0.392364  0  -0.666338  0  0.63362  0  0.567096  0  0.727646  0  0.705258  0  
10  -0.390791  0  -0.627891  0  0.663251  0  0.542002  0  0.703381  0  0.754616  0  
11  -0.360628  0  -0.6478  0  0.668956  0  0.572211  0  0.697665  0  0.730124  0  
12  -0.447903  0  -0.606789  0  0.655572  0  0.600598  0  0.692681  0  0.706722  0  
13  -0.477519  0  -0.592534  0  0.646466  0  0.607349  0  0.667836  0  0.724815  0  
14  -0.423337  0  -0.567993  0  0.70515  0  0.59038  0  0.667317  0  0.742303  0  
15  -0.396619  0  -0.630071  0  0.66682  0  0.588107  0  0.688968  0  0.722925  0  
