#site Sx Sy Sz Sx2 Sy2 Sz2
0  0.599862  0  -0.119235  0  0.75451  0  0.657855  0  0.538604  0  0.803541  0  
1  0.515101  0  0.112426  0  0.733172  0  0.672134  0  0.530787  0  0.79708  0  
2  0.736516  0  -0.00600148  0  0.527437  0  0.774916  0  0.666395  0  0.55869  0  
3  0.728739  0  -0.0416565  0  0.676662  0  0.777938  0  0.475757  0  0.746305  0  
4  0.764598  0  0.0762751  0  0.623901  0  0.80874  0  0.490224  0  0.701037  0  
5  0.600308  0  0.178717  0  0.691257  0  0.659153  0  0.542829  0  0.798018  0  
6  0.638409  0  0.246266  0  0.581999  0  0.858509  0  0.397503  0  0.743988  0  
7  0.815682  0  -0.134243  0  0.546124  0  0.825908  0  0.524845  0  0.649247  0  
8  0.610174  0  -0.0558269  0  0.73182  0  0.7762  0  0.372793  0  0.851007  0  
9  0.838187  0  -0.0067463  0  0.471821  0  0.912021  0  0.365026  0  0.722953  0  
10  0.709432  0  0.0263558  0  0.692929  0  0.737089  0  0.535642  0  0.727268  0  
11  0.80284  0  -0.151157  0  0.57434  0  0.827195  0  0.491953  0  0.680852  0  
12  0.753932  0  0.0939296  0  0.649921  0  0.788174  0  0.496467  0  0.71536  0  
13  0.847301  0  -0.0781044  0  0.465451  0  0.886335  0  0.449962  0  0.663703  0  
14  0.799889  0  -0.260777  0  0.502222  0  0.799985  0  0.594745  0  0.60527  0  
15  0.651425  0  0.00461699  0  0.674181  0  0.742666  0  0.495934  0  0.761399  0  
