#site Sx Sy Sz Sx2 Sy2 Sz2
0  -0.25693  0  -0.122491  0  0.95702  0  0.54902  0  0.492204  0  0.958776  0  
1  -0.204642  0  -0.13382  0  0.965673  0  0.504433  0  0.523836  0  0.971731  0  
2  -0.218755  0  -0.0800613  0  0.972421  0  0.523292  0  0.504077  0  0.972631  0  
3  -0.18629  0  -0.0953409  0  0.97715  0  0.507501  0  0.514122  0  0.978377  0  
4  -0.240153  0  -0.115227  0  0.962202  0  0.516075  0  0.521512  0  0.962413  0  
5  -0.207909  0  -0.098986  0  0.971465  0  0.508766  0  0.517222  0  0.974011  0  
6  -0.194253  0  -0.114859  0  0.973241  0  0.539454  0  0.485395  0  0.975151  0  
7  -0.207261  0  -0.163716  0  0.961618  0  0.500389  0  0.537044  0  0.962567  0  
8  -0.242705  0  -0.0738163  0  0.966863  0  0.527157  0  0.504657  0  0.968186  0  
9  -0.195207  0  -0.109  0  0.973906  0  0.527286  0  0.498286  0  0.974427  0  
10  -0.220417  0  -0.12299  0  0.964213  0  0.510216  0  0.520238  0  0.969546  0  
11  -0.235485  0  -0.108232  0  0.964243  0  0.550444  0  0.48295  0  0.966605  0  
12  -0.168997  0  -0.0815345  0  0.981648  0  0.516423  0  0.501625  0  0.981952  0  
13  -0.187805  0  -0.0672371  0  0.976119  0  0.527193  0  0.491469  0  0.981338  0  
14  -0.248173  0  -0.0182991  0  0.967195  0  0.532294  0  0.498417  0  0.969289  0  
15  -0.229124  0  -0.0612137  0  0.970249  0  0.538601  0  0.489554  0  0.971845  0  
