#site Sx Sy Sz Sx2 Sy2 Sz2
0  0.716987  0  0.139071  0  0.66441  0  0.790878  0  0.471918  0  0.737204  0  
1  0.791986  0  0.301455  0  0.422352  0  0.801559  0  0.624557  0  0.573884  0  
2  0.890468  0  0.141837  0  0.417867  0  0.903686  0  0.471195  0  0.625119  0  
3  0.923351  0  0.107475  0  0.333703  0  0.936363  0  0.467472  0  0.596165  0  
4  0.770195  0  0.0569627  0  0.615027  0  0.783974  0  0.54425  0  0.671776  0  
5  0.778173  0  -0.0875881  0  0.615821  0  0.802002  0  0.502201  0  0.695797  0  
6  0.818957  0  -0.130587  0  0.543656  0  0.820723  0  0.563145  0  0.616132  0  
7  0.79474  0  -0.011008  0  0.599468  0  0.83428  0  0.457537  0  0.708183  0  
8  0.803697  0  -0.22418  0  0.532398  0  0.822079  0  0.503015  0  0.674906  0  
9  0.959204  0  -0.22126  0  -0.0252794  0  0.972687  0  0.511431  0  0.515882  0  
10  0.937593  0  -0.161316  0  0.0279982  0  0.988759  0  0.592345  0  0.418896  0  
11  0.922387  0  -0.0634518  0  0.380566  0  0.926863  0  0.494459  0  0.578678  0  
12  0.799122  0  0.173426  0  0.563956  0  0.81638  0  0.508433  0  0.675187  0  
13  0.883333  0  0.218988  0  0.321178  0  0.926976  0  0.401773  0  0.671252  0  
14  0.946034  0  0.096488  0  0.149925  0  0.978224  0  0.552589  0  0.469186  0  
15  0.903091  0  0.067892  0  0.420295  0  0.911884  0  0.480909  0  0.607206  0  
