#site Sx Sy Sz Sx2 Sy2 Sz2
0  0.00845209  0  0.963186  0  -0.0881559  0  0.604692  0  0.994833  0  0.400475  0  
1  0.0480373  0  0.752338  0  0.232569  0  0.238255  0  0.971511  0  0.790234  0  
2  0.404369  0  0.511881  0  0.668541  0  0.627739  0  0.699194  0  0.673067  0  
3  0.000685549  0  0.778299  0  0.196224  0  0.565103  0  0.966344  0  0.468553  0  
4  -0.00142656  0  0.690263  0  0.577163  0  0.532754  0  0.781125  0  0.686121  0  
5  0.223572  0  0.874966  0  0.384361  0  0.532347  0  0.880542  0  0.587112  0  
6  0.340352  0  0.764358  0  0.422427  0  0.42674  0  0.874826  0  0.698434  0  
7  -0.359801  0  0.684702  0  0.554176  0  0.582349  0  0.811671  0  0.60598  0  
8  0.254808  0  0.95011  0  0.0705079  0  0.460697  0  0.960389  0  0.578914  0  
9  0.792904  0  0.573892  0  0.146739  0  0.828214  0  0.652826  0  0.518959  0  
10  -0.225575  0  0.553074  0  0.599146  0  0.542952  0  0.780459  0  0.676588  0  
11  0.00596751  0  0.721371  0  0.543868  0  0.339961  0  0.87769  0  0.782349  0  
12  0.556311  0  0.366275  0  0.275969  0  0.923266  0  0.520273  0  0.556461  0  
13  0.650368  0  0.754293  0  -0.0504202  0  0.724044  0  0.797084  0  0.478872  0  
14  0.105408  0  0.823928  0  0.243457  0  0.540696  0  0.967199  0  0.492104  0  
15  -0.0931273  0  0.812879  0  0.205219  0  0.443934  0  0.981042  0  0.575024  0  
