#site Sx Sy Sz Sx2 Sy2 Sz2
0  -0.166653  0  -0.717506  0  0.675678  0  0.516155  0  0.759001  0  0.724844  0  
1  -0.121346  0  -0.754116  0  0.642128  0  0.475364  0  0.799262  0  0.725374  0  
2  -0.122792  0  -0.764296  0  0.629031  0  0.517226  0  0.785556  0  0.697217  0  
3  -0.138064  0  -0.742938  0  0.654476  0  0.521132  0  0.771742  0  0.707126  0  
4  -0.144915  0  -0.748647  0  0.645115  0  0.491793  0  0.78668  0  0.721527  0  
5  -0.147972  0  -0.770864  0  0.619574  0  0.510303  0  0.797367  0  0.69233  0  
6  -0.120935  0  -0.770608  0  0.62506  0  0.521566  0  0.791645  0  0.68679  0  
7  -0.132067  0  -0.726292  0  0.673417  0  0.49559  0  0.772147  0  0.732264  0  
8  -0.143663  0  -0.746965  0  0.64875  0  0.506067  0  0.782457  0  0.711476  0  
9  -0.145508  0  -0.768895  0  0.621642  0  0.527223  0  0.78903  0  0.683748  0  
10  -0.137911  0  -0.760088  0  0.628314  0  0.553165  0  0.775436  0  0.671399  0  
11  -0.124361  0  -0.723015  0  0.679452  0  0.502726  0  0.763434  0  0.73384  0  
12  -0.146483  0  -0.744634  0  0.65014  0  0.492696  0  0.785699  0  0.721605  0  
13  -0.123389  0  -0.731325  0  0.670424  0  0.502278  0  0.771129  0  0.726592  0  
14  -0.150839  0  -0.771073  0  0.61757  0  0.495698  0  0.804927  0  0.699375  0  
15  -0.171968  0  -0.730748  0  0.660419  0  0.52122  0  0.763321  0  0.715459  0  
