#site Sx Sy Sz Sx2 Sy2 Sz2
0  0.921921  0  0.285847  0  0.254009  0  0.922452  0  0.551535  0  0.526013  0  
1  0.931281  0  0.195841  0  0.301824  0  0.935181  0  0.494513  0  0.570306  0  
2  0.949746  0  0.164041  0  0.253156  0  0.955679  0  0.539885  0  0.504436  0  
3  0.938541  0  0.181949  0  0.292055  0  0.940967  0  0.527077  0  0.531956  0  
4  0.93078  0  0.238466  0  0.262314  0  0.941187  0  0.498334  0  0.560478  0  
5  0.955627  0  0.229632  0  0.179835  0  0.955968  0  0.512021  0  0.532011  0  
6  0.954085  0  0.0647322  0  0.282227  0  0.95532  0  0.518957  0  0.525723  0  
7  0.93805  0  0.145551  0  0.303843  0  0.946867  0  0.502976  0  0.550157  0  
8  0.935205  0  0.195285  0  0.291784  0  0.939539  0  0.532354  0  0.528107  0  
9  0.964162  0  0.117395  0  0.219336  0  0.968158  0  0.54894  0  0.482902  0  
10  0.948301  0  0.144844  0  0.270076  0  0.949525  0  0.548727  0  0.501748  0  
11  0.928704  0  0.0980003  0  0.352412  0  0.931097  0  0.529353  0  0.53955  0  
12  0.905603  0  0.205037  0  0.364932  0  0.917988  0  0.500657  0  0.581356  0  
13  0.927006  0  0.183497  0  0.313049  0  0.930728  0  0.562536  0  0.506735  0  
14  0.943033  0  0.157475  0  0.290407  0  0.946991  0  0.493759  0  0.55925  0  
15  0.923222  0  0.170374  0  0.343841  0  0.926229  0  0.522401  0  0.551371  0  
