#site Sx Sy Sz Sx2 Sy2 Sz2  d1  d2  d3
0      -0.996566              0     -0.0251724              0     0.00273775              0       0.999702              0       0.535867              0       0.464431              0     0.00142346     -0.0171983      0.0232389       0.680877       0.731826    4.48114e-17
1       0.972872              0       0.102718              0      -0.177503              0       0.981002              0       0.480445              0       0.538553              0       0.115248      0.0756059      0.0823194      -0.716085       0.679299    4.15951e-17
2      -0.911538              0      -0.176243              0      -0.142478              0       0.961231              0       0.447366              0       0.591403              0      -0.140584      -0.137859       0.210351       0.713012       0.639216    3.91407e-17
3       0.984949              0      0.0717819              0     -0.0834696              0       0.994652              0       0.490432              0       0.514915              0       0.051886      0.0515319      0.0979339       -0.70709        0.69648    4.26471e-17
4       0.958611              0       0.158557              0       0.159788              0       0.969343              0       0.506359              0       0.524298              0      -0.132079       0.114944       0.103463      -0.694936       0.689711    4.22326e-17
5      -0.987628              0      -0.055732              0      -0.136465              0       0.989676              0       0.479082              0       0.531242              0     -0.0931005     -0.0407006     -0.0266095       0.721256       0.684659    4.19233e-17
6       0.968091              0     0.00997877              0      0.0561738              0       0.997848              0       0.610867              0       0.391285              0     -0.0459414     0.00639499      0.0649956       -0.62041       0.780202    4.77736e-17
7      -0.984659              0       0.116869              0      0.0293364              0       0.992397              0       0.522332              0       0.485271              0      0.0311358       0.081448       0.082236       0.686225       0.717446    4.39309e-17
8      -0.982396              0     -0.0181574              0       0.176292              0       0.984373              0       0.490192              0       0.525435              0       0.124311     -0.0131788     -0.0373308       0.713032       0.688887    4.21821e-17
9       0.960461              0        0.20815              0      0.0260983              0       0.979731              0       0.555437              0       0.464832              0     0.00542393       0.142266      -0.116751      -0.656454       0.731552    4.47946e-17
10      -0.940779              0     0.00531378              0      0.0634343              0       0.996973              0       0.657274              0       0.345753              0       0.054919     0.00328475       0.067278        0.58155       0.808855    4.95281e-17
11       0.974148              0      -0.223251              0     -0.0263116              0       0.974955              0       0.531515              0       0.493531              0      0.0210557      -0.156851     0.00800112      -0.684413       0.711666     4.3577e-17
12       0.933967              0       0.290943              0       0.128109              0       0.940665              0       0.473928              0       0.585407              0     -0.0910608       0.225927     0.00879732      -0.725255       0.643889    3.94268e-17
13      -0.968391              0      -0.112794              0      -0.139204              0       0.986233              0       0.508796              0       0.504971              0      -0.085684     -0.0801571      -0.132682       0.688186       0.703583     4.3082e-17
14       0.968719              0       0.125345              0       0.163068              0       0.977534              0       0.451096              0       0.571369              0      -0.115335      0.0957272      0.0396229       -0.73982       0.654699    4.00887e-17
15      -0.947188              0       -0.12414              0      0.0367644              0       0.988826              0       0.365833              0       0.645341              0      0.0176262      -0.104226      0.0418812       0.795244       0.595533    3.64659e-17
16      0.0131084              0      0.0480797              0        0.49751              0    0.000171831              0     0.00231166              0       0.247517              0
17     -0.0163987              0    -0.00417165              0      -0.499714              0    0.000268916              0    1.74027e-05              0       0.249714              0
18     -0.0538606              0       0.105102              0       0.485852              0     0.00290097              0      0.0110464              0       0.236053              0
19      0.0598644              0     -0.0663406              0       -0.49195              0     0.00358375              0     0.00440108              0       0.242015              0
20     -0.0460065              0      0.0891079              0       -0.48984              0      0.0021166              0     0.00794022              0       0.239943              0
21      0.0989773              0    0.000146347              0       0.490106              0      0.0097965              0    2.14176e-08              0       0.240203              0
22      0.0475074              0      0.0688462              0      -0.492954              0     0.00225695              0      0.0047398              0       0.243003              0
23      0.0262551              0       0.127853              0       0.482664              0     0.00068933              0      0.0163465              0       0.232964              0
24       0.106646              0      0.0434066              0       0.486562              0      0.0113734              0     0.00188413              0       0.236743              0
25     -0.0444495              0      0.0260165              0       -0.49734              0     0.00197576              0     0.00067686              0       0.247347              0
26     -0.0302105              0     0.00849034              0       0.499014              0    0.000912674              0    7.20858e-05              0       0.249015              0
27     -0.0707555              0      0.0863709              0      -0.487374              0     0.00500634              0     0.00745993              0       0.237534              0
28     -0.0537262              0     -0.0903738              0      -0.488821              0     0.00288651              0     0.00816742              0       0.238946              0
29      0.0160202              0     -0.0187688              0       0.499391              0    0.000256646              0    0.000352268              0       0.249391              0
30       0.152037              0     -0.0507033              0      -0.473618              0      0.0231153              0     0.00257083              0       0.224314              0
31       0.110292              0       0.055228              0       0.484547              0      0.0121643              0     0.00305013              0       0.234786              0
