#site Sx Sy Sz Sx2 Sy2 Sz2  d1  d2  d3
0      -0.387321              0       0.608178              0      -0.692894              0       0.150018              0       0.369881              0       0.480101              0
1       0.396163              0      -0.594534              0       0.699703              0       0.156945              0        0.35347              0       0.489585              0
2      -0.461546              0       0.508586              0      -0.726854              0       0.213025              0       0.258659              0       0.528316              0
3       0.383108              0      -0.559396              0       0.735054              0       0.146772              0       0.312924              0       0.540304              0
4       0.519267              0      -0.525692              0       0.673803              0       0.269638              0       0.276352              0        0.45401              0
5      -0.498747              0       0.518667              0      -0.694432              0       0.248748              0       0.269015              0       0.482236              0
6       0.414403              0      -0.572651              0       0.707348              0        0.17173              0       0.327929              0       0.500341              0
7      -0.468505              0       0.536787              0      -0.701686              0       0.219497              0       0.288141              0       0.492363              0
8      -0.456106              0       0.543747              0      -0.704491              0       0.208032              0       0.295661              0       0.496307              0
9       0.441793              0      -0.615125              0       0.653024              0       0.195181              0       0.378379              0        0.42644              0
10      -0.435257              0       0.607926              0      -0.664061              0       0.189448              0       0.369574              0       0.440978              0
11       0.411056              0      -0.606807              0       0.680308              0       0.168967              0       0.368214              0       0.462819              0
12       0.378571              0      -0.627338              0       0.680537              0       0.143316              0       0.393553              0       0.463131              0
13       -0.40513              0       0.623184              0      -0.668963              0        0.16413              0       0.388358              0       0.447512              0
14        0.37291              0      -0.612585              0       0.696906              0       0.139062              0        0.37526              0       0.485678              0
15      -0.378574              0       0.601995              0      -0.703053              0       0.143319              0       0.362398              0       0.494283              0
16      0.0125646              0      0.0255638              0       0.499188              0     0.00015787              0    0.000653505              0       0.249189              0
17     0.00136415              0     0.00807862              0      -0.499933              0    1.86091e-06              0     6.5264e-05              0       0.249933              0
18      -0.031285              0     0.00327007              0        0.49901              0     0.00097875              0    1.06933e-05              0       0.249011              0
19     0.00876999              0     0.00815303              0      -0.499857              0    7.69127e-05              0    6.64718e-05              0       0.249857              0
20       0.015181              0     -0.0103226              0      -0.499663              0    0.000230461              0    0.000106557              0       0.249663              0
21     0.00702434              0      0.0133199              0       0.499773              0    4.93413e-05              0    0.000177421              0       0.249773              0
22     -0.0147379              0     -0.0399754              0      -0.498181              0    0.000217207              0     0.00159803              0       0.248185              0
23     0.00690804              0      0.0116457              0       0.499817              0     4.7721e-05              0    0.000135621              0       0.249817              0
24     -0.0307516              0     -0.0175642              0       0.498744              0    0.000945661              0      0.0003085              0       0.248746              0
25    -0.00752339              0       0.031322              0      -0.498961              0    5.66014e-05              0    0.000981065              0       0.248962              0
26    -0.00648682              0      0.0189385              0       0.499599              0    4.20788e-05              0    0.000358668              0       0.249599              0
27    -0.00199302              0     -0.0229375              0       -0.49947              0    3.97214e-06              0    0.000526129              0        0.24947              0
28     -0.0188137              0      0.0415112              0      -0.497919              0    0.000353953              0     0.00172318              0       0.247923              0
29     0.00374101              0     -0.0148141              0       0.499766              0    1.39951e-05              0    0.000219459              0       0.249767              0
30      0.0417927              0     0.00425974              0      -0.498232              0     0.00174663              0    1.81454e-05              0       0.248235              0
31     -0.0272452              0      0.0111021              0       0.499134              0    0.000742301              0    0.000123258              0       0.249134              0
