#site Sx Sy Sz Sx2 Sy2 Sz2  d1  d2  d3
0  0.0209211  0  -0.0258217  0  -0.999297  0  0.495716  0  0.504828  0  0.999457  0  0.444415  -0.553877  -0.542023  -0.448758  0.02331  1.42732e-18  
1  0.00747985  0  -0.013001  0  -0.999883  0  0.498602  0  0.50151  0  0.999888  0  0.354282  -0.613092  -0.611614  -0.352729  0.0106028  6.49236e-19  
2  0.0154879  0  -0.0145108  0  -0.999725  0  0.497223  0  0.503005  0  0.999773  0  0.520596  -0.481412  -0.482676  -0.513828  0.0150711  9.22836e-19  
3  -0.00628067  0  -0.0230171  0  -0.999711  0  0.498906  0  0.501378  0  0.999716  0  -0.188049  -0.682445  -0.681135  0.186219  0.0168637  1.0326e-18  
4  0.026174  0  0.00115926  0  -0.999634  0  0.502877  0  0.497465  0  0.999659  0  0.704371  0.0313723  0.0284039  -0.708328  0.0184759  1.13132e-18  
5  0.00599873  0  -0.00493991  0  -0.999931  0  0.504253  0  0.495777  0  0.99997  0  0.54121  -0.450376  -0.452895  -0.546908  0.00548422  3.35811e-19  
6  -0.00583699  0  -0.017048  0  -0.999838  0  0.500047  0  0.500115  0  0.999838  0  -0.228966  -0.668975  -0.668896  0.229047  0.0127419  7.80217e-19  
7  -0.00123137  0  -0.0262793  0  -0.999521  0  0.502076  0  0.498271  0  0.999653  0  -0.0217862  -0.705301  -0.707557  0.0330482  0.0186298  1.14075e-18  
8  0.0125051  0  -0.00852425  0  -0.999825  0  0.497458  0  0.502658  0  0.999884  0  0.587913  -0.396107  -0.399596  -0.581089  0.01076  6.58862e-19  
9  0.0136712  0  -0.030232  0  -0.999376  0  0.494086  0  0.50646  0  0.999454  0  0.29514  -0.647152  -0.638669  -0.292648  0.0233577  1.43025e-18  
10  0.0152584  0  -0.0348807  0  -0.999215  0  0.504656  0  0.496077  0  0.999267  0  0.283098  -0.64436  -0.651514  -0.281873  0.0270662  1.65733e-18  
11  0.00507106  0  -0.035527  0  -0.999353  0  0.500928  0  0.499718  0  0.999355  0  0.100643  -0.699245  -0.700229  -0.0998088  0.0254038  1.55554e-18  
12  0.0134172  0  -0.0181188  0  -0.999743  0  0.499583  0  0.500672  0  0.999745  0  0.421953  -0.567779  -0.567935  -0.420449  0.0159558  9.77012e-19  
13  0.00797662  0  -0.0335478  0  -0.999402  0  0.498716  0  0.501877  0  0.999407  0  0.164514  -0.688636  -0.686523  -0.163736  0.0243581  1.49151e-18  
14  0.0188553  0  -0.0383478  0  -0.999033  0  0.501095  0  0.499827  0  0.999078  0  0.316153  -0.631627  -0.635392  -0.310565  0.0303563  1.85879e-18  
15  0.0260455  0  -0.0249393  0  -0.999284  0  0.49566  0  0.504994  0  0.999345  0  0.51661  -0.487293  -0.485819  -0.508906  0.0255897  1.56692e-18  
