#site Sx Sy Sz Sx2 Sy2 Sz2  d1  d2  d3
0      0.0879831              0       0.797683              0      -0.596625              0     0.00774103              0       0.636298              0       0.355961              0
1       0.336456              0       0.576191              0        0.74485              0       0.113202              0       0.331996              0       0.554802              0
2      -0.971036              0      -0.220422              0      0.0922156              0        0.94291              0       0.048586              0     0.00850372              0
3       0.916391              0      0.0534974              0       0.396693              0       0.839773              0     0.00286197              0       0.157365              0
4       0.576123              0      -0.376936              0       0.725259              0       0.331918              0       0.142081              0       0.526001              0
5      -0.629064              0      -0.379393              0      -0.678484              0       0.395721              0       0.143939              0        0.46034              0
6       0.657915              0      -0.204052              0       0.724922              0       0.432852              0      0.0416371              0       0.525511              0
7      -0.656495              0       0.729168              0      -0.193206              0       0.430986              0       0.531686              0      0.0373285              0
8      -0.632396              0      -0.434705              0      -0.641176              0       0.399925              0       0.188969              0       0.411107              0
9       0.217134              0       0.464881              0       0.858335              0      0.0471472              0       0.216114              0       0.736739              0
10      -0.649175              0      -0.126975              0      -0.749966              0       0.421428              0      0.0161225              0        0.56245              0
11       0.849909              0      -0.338842              0       0.403535              0       0.722346              0       0.114814              0       0.162841              0
12       0.915433              0        0.40078              0      0.0368633              0       0.838017              0       0.160624              0      0.0013589              0
13      -0.836112              0     -0.0317214              0      -0.547641              0       0.699083              0     0.00100625              0       0.299911              0
14       0.739488              0      -0.120601              0       0.662278              0       0.546843              0      0.0145447              0       0.438612              0
15      -0.323823              0       0.445046              0      -0.834909              0       0.104861              0       0.198066              0       0.697073              0
16      0.0601468              0       0.111942              0       0.483582              0     0.00361764              0      0.0125311              0       0.233851              0
17      -0.306755              0       0.172615              0      -0.355113              0      0.0940989              0      0.0297961              0       0.126105              0
18       0.176964              0        0.17031              0       0.435521              0      0.0313163              0      0.0290055              0       0.189678              0
19      -0.146816              0      -0.457374              0      -0.138759              0      0.0215549              0       0.209191              0      0.0192541              0
20       -0.27086              0      -0.148465              0      -0.393183              0      0.0733652              0      0.0220419              0       0.154593              0
21      -0.176408              0      0.0362249              0       0.466442              0      0.0311198              0     0.00131224              0       0.217568              0
22     -0.0720798              0       0.187297              0      -0.457957              0      0.0051955              0        0.03508              0       0.209725              0
23     -0.0807158              0     -0.0370179              0       0.492051              0     0.00651504              0     0.00137032              0       0.242115              0
24     0.00998984              0       0.276038              0       0.416777              0    9.97969e-05              0      0.0761972              0       0.173703              0
25     -0.0306362              0      -0.318997              0        -0.3838              0    0.000938576              0       0.101759              0       0.147302              0
26       0.105631              0       0.352534              0        0.33847              0      0.0111579              0        0.12428              0       0.114562              0
27     -0.0336772              0      0.0364852              0      -0.497529              0     0.00113416              0     0.00133117              0       0.247535              0
28      0.0947352              0       0.305793              0      -0.384078              0     0.00897476              0      0.0935093              0       0.147516              0
29       -0.19971              0        0.19523              0        0.41473              0       0.039884              0      0.0381149              0       0.172001              0
30       0.178118              0      -0.307998              0        -0.3513              0      0.0317259              0      0.0948626              0       0.123412              0
31      -0.237487              0      0.0855953              0       0.431594              0      0.0564002              0     0.00732655              0       0.186273              0
