#site Sx Sy Sz Sx2 Sy2 Sz2  d1  d2  d3
0      -0.540941              0      -0.244908              0       0.536578              0       0.889882              0       0.344053              0       0.766066              0       0.214521      -0.253178       0.585862       0.559207       0.483668    2.96161e-17
1       0.713482              0      -0.505891              0       0.409201              0       0.718731              0       0.608062              0       0.673207              0      -0.292375      -0.442477      0.0500482      -0.624046       0.571658     3.5004e-17
2       0.451293              0        0.12388              0     -0.0343615              0       0.949055              0       0.194077              0       0.856869              0      -0.155374       0.163721       0.670963      -0.596432       0.378327    2.31659e-17
3       0.103561              0        0.86424              0       0.452356              0       0.462702              0       0.889505              0       0.647793              0      0.0844627       0.728124      -0.320753       -0.08725        0.59347    3.63396e-17
4       0.707085              0      -0.423585              0      -0.329528              0       0.733267              0       0.620953              0        0.64578              0       0.374299      -0.355856       0.161805      -0.594026       0.595163    3.64432e-17
5        -0.3935              0       0.866407              0       0.302698              0       0.558387              0       0.872285              0       0.569328              0      0.0765682       0.660114      -0.194502       0.299807       0.656256    4.01841e-17
6      -0.468119              0       0.377323              0       0.327809              0       0.685399              0       0.427743              0       0.886858              0    -0.00363424       0.560881      -0.296736       0.695848       0.336366    2.05965e-17
7       0.264069              0      0.0161683              0      -0.352934              0       0.878452              0       0.173276              0       0.948272              0       0.346821      0.0355446       -0.69979      -0.580532       0.227437    1.39265e-17
8    -0.00354188              0      0.0825732              0       0.859913              0       0.744657              0       0.262104              0       0.993239              0     -0.0568291       0.502109      -0.858738      0.0215374      0.0822263    5.03491e-18
9       -0.13932              0       0.310482              0       0.567217              0       0.336471              0       0.814599              0        0.84893              0       0.709931       0.399408       -0.39151       0.179223       0.388677    2.37996e-17
10       0.342725              0      0.0857449              0      -0.283396              0       0.631056              0       0.941669              0       0.427275              0        0.60476      0.0566507       0.084016      -0.226435       0.756786    4.63398e-17
11     -0.0781495              0     0.00790869              0      -0.374642              0      0.0879176              0       0.950926              0       0.961157              0      -0.954819       0.020064     -0.0988263       0.198262       0.197087    1.20681e-17
12       0.193781              0      -0.341408              0       -0.62201              0       0.295052              0       0.752581              0       0.952367              0       0.305283      -0.782144      -0.224354      -0.443942       0.218251     1.3364e-17
13    -0.00687121              0      -0.283469              0      -0.257056              0        0.29254              0       0.875341              0       0.832118              0      -0.766681      -0.345919      -0.352971     0.00838497       0.409734    2.50889e-17
14       0.155339              0       0.302173              0       0.724603              0       0.384485              0       0.652844              0       0.962671              0     -0.0633187       0.781988      -0.430758         -0.402       0.193208    1.18306e-17
15       0.377087              0      -0.674774              0      -0.548911              0       0.509308              0       0.831266              0       0.659426              0       0.395553      -0.578126      -0.253684      -0.323077       0.583587    3.57344e-17
16      -0.240676              0      -0.098865              0       0.906354              0       0.677174              0       0.349372              0       0.973454              0       0.480391      -0.303399       0.324208       0.738591       0.162929    9.97651e-18
17      0.0246934              0      -0.151276              0       0.562014              0       0.669837              0       0.368068              0       0.962096              0       0.423352      -0.388505       0.792408     -0.0634171        0.19469    1.19213e-17
18     -0.0756611              0      -0.190217              0       0.229551              0      0.0849749              0       0.950576              0       0.964449              0       0.812763      -0.504422     -0.0957478        0.20064       0.188549    1.15453e-17
19       0.118271              0        -0.1527              0       0.881371              0       0.296845              0       0.723062              0       0.980093              0      -0.640574      -0.541129       0.318239       -0.41912       0.141094    8.63951e-18
20    -0.00550522              0    -0.00380136              0       0.397466              0       0.676181              0       0.323831              0       0.999988              0       0.126557        -0.5548       0.174924       0.803474     0.00342589    2.09775e-19
21      -0.013221              0     -0.0179606              0       -0.21684              0       0.614422              0       0.395906              0       0.989672              0       -0.61463     -0.0883661      -0.774508      0.0650471       0.101626    6.22279e-18
22      -0.216575              0      0.0384926              0       0.973848              0       0.549017              0       0.473874              0       0.977108              0       0.659395       0.127206      -0.117808       0.715714         0.1513    9.26444e-18
23     -0.0645987              0      -0.136607              0       0.161403              0       0.187018              0       0.818795              0       0.994187              0       0.102182      -0.895846      0.0417641       0.423628      0.0762446    4.66864e-18
24     0.00399198              0      0.0104214              0       0.527729              0        0.07645              0       0.923624              0       0.999926              0      -0.744756       0.607362      -0.149161      -0.232653     0.00857925    5.25328e-19
25      -0.108862              0      -0.165502              0      -0.932071              0       0.379177              0       0.643255              0       0.977568              0      -0.561747      -0.552507      -0.473993       0.363421       0.149773    9.17098e-18
26     -0.0947876              0       0.169285              0       0.889163              0       0.700383              0       0.329619              0       0.969998              0       0.246624       0.488665      -0.771695       0.273618       0.173211    1.06061e-17
27      0.0846916              0       0.091741              0       0.152631              0       0.491885              0       0.512622              0       0.995493              0       0.203068       0.683285      -0.299153      -0.630781      0.0671323    4.11067e-18
28       0.162602              0        -0.1701              0       0.012777              0        0.48456              0       0.529506              0       0.985934              0     -0.0342372      -0.717125     -0.0238194      -0.685512       0.118599    7.26209e-18
29    -0.00563095              0      0.0155317              0      -0.981031              0       0.448846              0       0.551299              0       0.999855              0      -0.369679        0.64381       0.627869       0.233411      0.0120623    7.38603e-19
30      -0.092251              0      0.0235258              0       0.828312              0       0.744546              0       0.258374              0        0.99708              0       0.456142       0.217689      -0.113856       0.853617      0.0540353    3.30871e-18
31      0.0881649              0      0.0870051              0      -0.249119              0       0.532107              0        0.47195              0       0.995942              0     -0.0387743       0.682927       0.221682      -0.692031      0.0637001    3.90051e-18
