#site Sx Sy Sz Sx2 Sy2 Sz2  d1  d2  d3
0  0.032669  0  -0.0374707  0  -0.998717  0  0.501619  0  0.499605  0  0.998775  0  0.460163  -0.535379  -0.531524  -0.466773  0.0349945  2.1428e-18  
1  0.0248081  0  -0.0214324  0  -0.999393  0  0.503419  0  0.497124  0  0.999458  0  0.533694  -0.460165  -0.468154  -0.532642  0.0232878  1.42597e-18  
2  0.0154879  0  -0.0145108  0  -0.999725  0  0.497223  0  0.503005  0  0.999773  0  0.520596  -0.481412  -0.482676  -0.513828  0.0150711  9.22836e-19  
3  0.0362855  0  -0.0248054  0  -0.998941  0  0.493864  0  0.507107  0  0.999029  0  0.589711  -0.397966  -0.392425  -0.582147  0.0311652  1.90832e-18  
4  0.0144107  0  -0.00915745  0  -0.99953  0  0.509798  0  0.490349  0  0.999853  0  0.589429  -0.377856  -0.395073  -0.594616  0.0121176  7.41991e-19  
5  0.00454423  0  -0.00365855  0  -0.999596  0  0.511788  0  0.488229  0  0.999983  0  0.541819  -0.441185  -0.45987  -0.547988  0.00414629  2.53887e-19  
6  0.0252954  0  -0.0194888  0  -0.999294  0  0.509671  0  0.49084  0  0.999489  0  0.551762  -0.431147  -0.442724  -0.559603  0.0226012  1.38392e-18  
7  0.00886357  0  -0.0289158  0  -0.999321  0  0.489842  0  0.510607  0  0.999551  0  0.210004  -0.682683  -0.667534  -0.209263  0.021178  1.29678e-18  
8  0.0172878  0  -0.0414188  0  -0.998889  0  0.49296  0  0.508038  0  0.999002  0  0.277691  -0.655689  -0.645804  -0.273678  0.0315842  1.93397e-18  
9  0.0244917  0  -0.0379566  0  -0.998766  0  0.510602  0  0.490426  0  0.998971  0  0.37312  -0.59176  -0.603137  -0.381836  0.032071  1.96378e-18  
10  0.0152584  0  -0.0348807  0  -0.999215  0  0.504656  0  0.496077  0  0.999267  0  0.283098  -0.64436  -0.651514  -0.281873  0.0270662  1.65733e-18  
11  0.0185944  0  -0.0469971  0  -0.998573  0  0.491545  0  0.509716  0  0.998739  0  0.265647  -0.66173  -0.649414  -0.261813  0.0355108  2.17441e-18  
12  0.0378859  0  -0.0274043  0  -0.998876  0  0.499504  0  0.501582  0  0.998914  0  0.572432  -0.415714  -0.410022  -0.574717  0.0329605  2.01825e-18  
13  0.025475  0  -0.0146326  0  -0.999227  0  0.487327  0  0.513111  0  0.999562  0  0.624943  -0.349455  -0.341682  -0.608393  0.0209363  1.28198e-18  
14  0.0057107  0  -0.0292387  0  -0.999405  0  0.504473  0  0.495977  0  0.99955  0  0.143624  -0.68913  -0.69707  -0.134596  0.0212142  1.299e-18  
15  0.0213523  0  -0.0482772  0  -0.998541  0  0.50284  0  0.498569  0  0.998591  0  0.289066  -0.643118  -0.648478  -0.284442  0.0375336  2.29827e-18  
