#site Sx Sy Sz Sx2 Sy2 Sz2  d1  d2  d3
0       -0.61663              0      -0.751698              0      -0.232967              0        0.69544              0       0.782654              0       0.521906              0     -0.0953389      -0.543572      -0.136085       0.445901       0.691443    4.23387e-17
1       0.611511              0       0.764478              0       0.203852              0       0.685231              0        0.79242              0        0.52235              0     -0.0942517        0.55307      -0.108898      -0.442404       0.691122     4.2319e-17
2      -0.598403              0      -0.766499              0      -0.232827              0       0.683141              0       0.796165              0       0.520694              0      -0.102055      -0.553574       -0.13062       0.432173       0.692319    4.23923e-17
3       0.602705              0       0.761622              0       0.237994              0       0.682036              0       0.789162              0       0.528802              0      -0.101003       0.554763      -0.134572      -0.439009       0.686438    4.20322e-17
4       0.612733              0       0.756505              0       0.227936              0       0.687524              0       0.783188              0       0.529288              0     -0.0923098       0.551321      -0.131952      -0.446544       0.686084    4.20106e-17
5      -0.604435              0        -0.7669              0       -0.21452              0       0.684026              0       0.791282              0       0.524693              0     -0.0814213      -0.556188      -0.128676       0.438362       0.689425    4.22151e-17
6       0.607338              0       0.759855              0       0.231126              0       0.684969              0       0.785866              0       0.529166              0     -0.0919709        0.55369      -0.135203      -0.442555       0.686174     4.2016e-17
7      -0.613926              0      -0.753566              0      -0.233799              0       0.695891              0       0.786391              0       0.517718              0     -0.0987266      -0.542551      -0.135031       0.442014       0.694465    4.25237e-17
8      -0.602189              0      -0.758864              0       -0.24787              0       0.681523              0       0.789321              0       0.529156              0      -0.112735      -0.552963      -0.134669       0.438798        0.68618    4.20164e-17
9        0.60016              0       0.765884              0       0.230076              0       0.680128              0       0.796202              0        0.52367              0       -0.10958       0.554855      -0.121461      -0.434794       0.690167    4.22605e-17
10      -0.609275              0      -0.758892              0      -0.229653              0       0.689156              0       0.789603              0       0.521242              0      -0.100546      -0.548393      -0.128664       0.440276       0.691923    4.23681e-17
11       0.592941              0       0.772041              0       0.227594              0       0.670284              0       0.798757              0       0.530959              0      -0.109641       0.563644      -0.117689      -0.432888       0.684866    4.19359e-17
12       0.607771              0       0.760587              0       0.228024              0        0.68131              0        0.78843              0        0.53026              0      -0.103978       0.554868      -0.122389      -0.443385       0.685376    4.19672e-17
13      -0.593009              0      -0.772715              0      -0.225926              0       0.671943              0       0.798386              0       0.529671              0       -0.10334      -0.563363      -0.121209       0.432345       0.685805    4.19935e-17
14       0.594134              0       0.773255              0       0.220463              0       0.669599              0       0.795839              0       0.534562              0     -0.0961247       0.566711      -0.120654      -0.435435        0.68223    4.17746e-17
15       -0.57923              0      -0.779055              0      -0.239257              0       0.662114              0        0.80254              0       0.535347              0      -0.106481      -0.571444      -0.130175        0.42487       0.681655    4.17393e-17
16      0.0161767              0     0.00033502              0     -0.0610372              0       0.998925              0     0.00121473              0        0.99986              0      0.0295702      0.0141464       0.729522      -0.683069      0.0118412    7.25064e-19
17   -5.54393e-05              0      0.0360916              0     -0.0911586              0     0.00253936              0       0.997809              0       0.999651              0      -0.252375       0.966317      0.0467804     0.00148433      0.0186748     1.1435e-18
18      0.0177867              0    7.48293e-05              0      0.0207585              0       0.999876              0    0.000253374              0       0.999871              0     -0.0106464     0.00329171      -0.622536       -0.78243      0.0113663    6.95988e-19
19    0.000743887              0     -0.0222903              0      0.0391649              0     0.00151117              0       0.998614              0       0.999875              0     -0.0861836      -0.995521      0.0167944     -0.0332232      0.0111953    6.85513e-19
20    0.000323719              0     -0.0096316              0       0.083492              0      0.0019378              0       0.998113              0       0.999949              0      -0.735439       -0.67616      0.0370217     -0.0227258     0.00712228    4.36114e-19
21      0.0302305              0     0.00023023              0      -0.123394              0       0.996163              0     0.00407389              0       0.999763              0      0.0614882     0.00747384       0.181272       -0.98136      0.0154024    9.43123e-19
22    -0.00048416              0      0.0116543              0     -0.0750908              0     0.00463555              0       0.995404              0       0.999961              0       0.368193       0.927253      0.0557869      0.0385211     0.00628434    3.84805e-19
23     0.00262781              0   -9.06069e-05              0     -0.0798815              0       0.995876              0     0.00412642              0       0.999998              0       0.055681     -0.0320007       0.366758      -0.928096      0.0014157    8.66867e-20
24     0.00385921              0    0.000284239              0      -0.056514              0       0.998864              0      0.0011789              0       0.999957              0      0.0258398      0.0216346       0.955269       -0.29374      0.0065691    4.02241e-19
25    0.000350499              0     0.00942016              0      -0.116206              0     0.00443197              0       0.995621              0       0.999947              0       0.760462       0.645961      0.0616534     -0.0240345     0.00729158    4.46481e-19
26     -0.0343718              0     0.00122892              0      0.0621246              0       0.997953              0      0.0023458              0       0.999701              0      0.0279739      0.0355631     -0.0910372       0.994669       0.017278    1.05797e-18
27   -0.000543626              0     -0.0100414              0      0.0394192              0      0.0014473              0       0.998611              0       0.999942              0       0.751032      -0.659169     -0.0107592      0.0356865     0.00761668    4.66387e-19
28   -0.000530008              0      0.0158273              0      0.0294404              0     0.00203056              0       0.998051              0       0.999918              0      -0.483855       0.873987     -0.0330455      0.0292672     0.00905464    5.54437e-19
29    -0.00632953              0     0.00041052              0       0.137232              0       0.992863              0     0.00717413              0       0.999962              0      0.0775481      0.0335097      -0.851989       0.516663     0.00612539    3.75072e-19
30   -0.000891072              0       0.021038              0      0.0259007              0     0.00324357              0       0.996953              0       0.999804              0       -0.65809       0.750782     -0.0451227      0.0317996      0.0140108    8.57911e-19
31   -0.000799957              0    0.000147045              0       0.020557              0       0.999207              0    0.000830319              0       0.999962              0     -0.0254823       0.011968      -0.997462      0.0651085     0.00614326    3.76166e-19
