#site Sx Sy Sz Sx2 Sy2 Sz2  d1  d2  d3
0      0.0276495              0      -0.999258              0     -0.0204905              0       0.504888              0       0.999401              0       0.495712              0     -0.0100112      -0.703571     -0.0148388     -0.0194679       0.710133    4.34831e-17
1      0.0320798              0      -0.998329              0     -0.0402079              0       0.493346              0       0.998652              0       0.508002              0     -0.0147714      -0.711643     -0.0287247     -0.0228676       0.701426    4.29499e-17
2     -0.0089163              0      -0.999198              0      -0.037037              0       0.494392              0       0.999283              0       0.506325              0    -0.00371587      -0.711051     -0.0260107     0.00634503        0.70262    4.30231e-17
3    -0.00700929              0      -0.999284              0      0.0207112              0       0.490153              0       0.999768              0       0.510079              0      0.0170493      -0.713832      0.0143874     0.00500704       0.699944    4.28592e-17
4      0.0123958              0      -0.999663              0      0.0103574              0       0.499696              0       0.999872              0       0.500432              0     -0.0144541      -0.707174     0.00714389    -0.00876892       0.706801    4.32791e-17
5     0.00623429              0      -0.999428              0      0.0116126              0       0.509982              0       0.999914              0       0.490104              0     -0.0168199      -0.699811     0.00819207    -0.00436532        0.71407    4.37242e-17
6      0.0071503              0      -0.999045              0     -0.0415938              0       0.505413              0       0.999099              0       0.495487              0    -0.00220449      -0.703265     -0.0295877    -0.00503336       0.710291    4.34928e-17
7      0.0123193              0      -0.998353              0     -0.0536628              0        0.49234              0       0.998502              0       0.509158              0    -0.00274288      -0.712497     -0.0376921    -0.00879197       0.700601    4.28995e-17
8     0.00251966              0      -0.998176              0     -0.0556332              0        0.49224              0       0.998475              0       0.509285              0      0.0124896      -0.712463     -0.0390113    -0.00179845        0.70051    4.28939e-17
9    0.000772241              0      -0.999422              0     -0.0323942              0       0.498826              0       0.999476              0       0.501697              0     0.00709394      -0.707901      -0.022875   -0.000546986       0.705906    4.32243e-17
10      0.0187272              0      -0.998492              0     -0.0475918              0       0.510091              0       0.998675              0       0.491234              0     0.00218438      -0.699931     -0.0339565     -0.0131275       0.713278    4.36757e-17
11      0.0218009              0      -0.998002              0     -0.0589224              0       0.502092              0       0.998014              0       0.499894              0    -0.00309256      -0.705619     -0.0418198      -0.015414       0.707181    4.33024e-17
12    -0.00388107              0      -0.997968              0     -0.0604789              0       0.492825              0       0.998192              0       0.508983              0    -0.00971921      -0.712096     -0.0424277     0.00276932       0.700726    4.29071e-17
13     0.00919421              0      -0.998333              0     -0.0518932              0       0.493864              0       0.998617              0       0.507518              0     -0.0138999      -0.711296     -0.0366059    -0.00655073        0.70177     4.2971e-17
14      0.0083576              0      -0.998055              0     -0.0541715              0       0.503256              0       0.998474              0        0.49827              0      -0.020108      -0.704514     -0.0386144    -0.00589951       0.708329    4.33726e-17
15    -0.00754859              0       -0.99832              0     -0.0568919              0       0.496669              0       0.998362              0       0.504969              0     0.00268526      -0.709453     -0.0401159     0.00536438       0.703584    4.30821e-17
16      0.0035523              0      -0.998494              0     -0.0512867              0       0.491698              0       0.998702              0         0.5096              0     0.00695455      -0.712919     -0.0359448    -0.00253632       0.700286    4.28801e-17
17     0.00925944              0      -0.997878              0     -0.0617157              0         0.4958              0       0.998058              0       0.506142              0     -0.0113265       -0.70998     -0.0435681      -0.006588       0.702751    4.30311e-17
18     0.00933622              0      -0.997697              0     -0.0651732              0        0.49377              0       0.997865              0       0.508366              0     0.00786263      -0.711455     -0.0457292    -0.00665763       0.701166    4.29341e-17
19     -0.0165274              0      -0.997576              0     -0.0660395              0       0.506136              0       0.997649              0       0.496215              0     0.00484147      -0.702738     -0.0470675      0.0116426       0.709778    4.34614e-17
20     0.00119027              0      -0.998528              0     -0.0505105              0       0.507784              0       0.998704              0       0.493512              0     0.00852805      -0.701529     -0.0359902   -0.000836241        0.71168    4.35778e-17
21      0.0120909              0      -0.998406              0     -0.0544468              0       0.503626              0       0.998438              0       0.497937              0     0.00389423      -0.704528     -0.0385935    -0.00853198       0.708564     4.3387e-17
22     -0.0127991              0      -0.999044              0     -0.0368081              0       0.509729              0       0.999227              0       0.491045              0       0.002857      -0.700188     -0.0263211     0.00897036       0.713411    4.36838e-17
23     -0.0131212              0      -0.998062              0     -0.0574389              0       0.500658              0       0.998247              0       0.501095              0      0.0135835      -0.706511     -0.0408283     0.00928828       0.706332    4.32504e-17
24     0.00597089              0      -0.999451              0     -0.0321864              0       0.498686              0       0.999466              0       0.501847              0     0.00318199      -0.708028     -0.0227106    -0.00422988       0.705799    4.32177e-17
25     -0.0278931              0      -0.998835              0     -0.0391832              0       0.498543              0       0.998843              0       0.502614              0    0.000285308      -0.708136     -0.0276744      0.0197752       0.705256    4.31845e-17
26     -0.0268596              0      -0.998204              0     -0.0526087              0       0.505263              0       0.998243              0       0.496494              0    0.000139454      -0.703376     -0.0374011      0.0189264       0.709581    4.34493e-17
27    -0.00645594              0      -0.999273              0     -0.0316826              0       0.498273              0       0.999483              0       0.502244              0     -0.0142514      -0.708183     -0.0222769     0.00457531       0.705518    4.32005e-17
28      0.0180102              0      -0.999669              0     0.00106951              0        0.50048              0       0.999838              0       0.499682              0     -0.0129686      -0.706648    0.000523105     -0.0127311       0.707331    4.33116e-17
29     -0.0244179              0      -0.999607              0    -0.00110675              0       0.495249              0       0.999698              0       0.505053              0     -0.0066222      -0.710428   -0.000617165      0.0173539       0.703525    4.30785e-17
30      0.0147108              0      -0.999203              0     -0.0356525              0       0.499438              0       0.999262              0         0.5013              0     0.00755801      -0.707464     -0.0250861     -0.0104157       0.706187    4.32415e-17
31     0.00519842              0      -0.999217              0     -0.0383986              0        0.49745              0       0.999254              0       0.503296              0     0.00451634      -0.708893       -0.02706    -0.00368801       0.704773    4.31549e-17
32      0.0157514              0      -0.999079              0     -0.0392992              0       0.503477              0       0.999101              0       0.497422              0      0.0019388      -0.704641     -0.0278554     -0.0111093       0.708927    4.34093e-17
33      0.0116998              0      -0.999179              0     0.00520637              0       0.501385              0        0.99992              0       0.498694              0     -0.0271131      -0.705606     0.00337181    -0.00826223        0.70803    4.33543e-17
34    -0.00520807              0      -0.999366              0      0.0323488              0       0.506985              0       0.999456              0       0.493559              0   -0.000386755       -0.70215      0.0230375     0.00365917       0.711646    4.35758e-17
35      0.0102247              0      -0.999479              0      0.0180439              0       0.511285              0       0.999784              0       0.488931              0    -0.00733139      -0.699043      0.0128311    -0.00715125       0.714891    4.37745e-17
36     -0.0409007              0      0.0954884              0    0.000329496              0       0.997196              0       0.999407              0     0.00339764              0     -0.0227358      0.0478255     -0.0131832      0.0204852         0.9983    6.11282e-17
37     0.00088618              0     0.00687792              0      -0.483596              0       0.548987              0       0.451103              0        0.99991              0      -0.565181       0.362744         0.7394     -0.0467374     0.00948041    5.80508e-19
38      0.0402574              0      0.0108075              0   -0.000933231              0       0.999272              0       0.999446              0     0.00128246              0      0.0264386     0.00540721     -0.0121875     -0.0201416       0.999359    6.11931e-17
39    0.000493537              0   -5.29161e-05              0       0.267511              0      0.0182772              0       0.981726              0       0.999997              0      -0.990713     -0.0144835    -0.00511115      -0.135084     0.00182678    1.11858e-19
40     -0.0882429              0    3.85217e-05              0    -0.00142504              0        0.99974              0       0.998003              0     0.00225778              0     -0.0161338    1.92826e-05    -0.00680998      0.0441713        0.99887    6.11632e-17
41      0.0225385              0    -0.00209693              0       0.924802              0       0.687341              0       0.312852              0       0.999807              0      -0.554037     -0.0755125       0.168514      -0.811635      0.0138847     8.5019e-19
42    -0.00937035              0    -0.00976016              0       0.708571              0        0.80871              0       0.191539              0       0.999751              0       0.309285      -0.309245       0.848714       0.296894      0.0157806    9.66285e-19
43      0.0517502              0     -0.0366486              0    0.000305818              0       0.999546              0       0.999281              0     0.00117308              0     -0.0108533     -0.0183351    -0.00698576     -0.0258903       0.999413    6.11964e-17
44     -0.0206701              0    -0.00425354              0      -0.812809              0       0.559822              0       0.440402              0       0.999776              0      -0.648074      -0.142048       0.288283       0.690283      0.0149722    9.16781e-19
45      0.0342251              0     -0.0113129              0    -0.00124056              0       0.998873              0       0.999617              0     0.00150995              0      0.0330941    -0.00566074     -0.0094557     -0.0171255       0.999245    6.11861e-17
46      -0.013156              0     0.00212577              0       0.198575              0       0.885096              0       0.115079              0       0.999824              0       0.329366      0.0801331       0.799358        0.49593       0.013264    8.12186e-19
47       0.021354              0      0.0195989              0   -0.000348724              0       0.999056              0       0.999692              0      0.0012522              0      0.0291137     0.00980557      -0.013939     -0.0106837       0.999374     6.1194e-17
48    0.000785468              0    -0.00265047              0    1.62212e-05              0        0.99957              0              1              0    0.000429926              0     -0.0206885    -0.00132552   -1.22309e-05   -0.000392819       0.999785    6.12192e-17
49    -0.00524212              0      0.0140251              0       0.887634              0        0.27131              0       0.728778              0       0.999912              0       0.414619       0.746177      -0.439816       0.278897     0.00939796    5.75459e-19
50      0.0549261              0      0.0536723              0    -0.00333676              0       0.998387              0       0.998249              0     0.00336379              0      0.0298382      0.0268814      0.0315292     -0.0275094       0.998317    6.11293e-17
51     -0.0196047              0    -0.00763177              0      -0.722677              0       0.845544              0       0.154663              0       0.999793              0      -0.290178      -0.265051      -0.617862        0.68087      0.0143968    8.81549e-19
52      0.0540624              0      0.0294453              0     0.00136052              0       0.998941              0       0.999217              0     0.00184169              0     -0.0290159      0.0147362     0.00711165     -0.0270561       0.999079    6.11759e-17
53    -0.00888222              0     0.00314144              0      -0.159114              0       0.876172              0       0.123851              0       0.999977              0      -0.125922       0.328591       -0.11392        0.92907     0.00478017    2.92701e-19
54    -0.00565497              0   -0.000772084              0       0.818051              0       0.545447              0       0.454571              0       0.999981              0       0.668205     -0.0897481      -0.336646       0.657341     0.00430139    2.63384e-19
55      0.0339946              0     -0.0415243              0   -0.000245924              0       0.999555              0       0.999703              0    0.000742567              0     0.00370302     -0.0207699    -0.00288867     -0.0170036       0.999629    6.12096e-17
56    -0.00906889              0    -0.00607653              0      -0.414999              0        0.61573              0       0.384304              0       0.999966              0      -0.335533      -0.521237       0.102673       0.777917     0.00582896    3.56921e-19
57     -0.0274114              0      0.0754398              0    0.000464345              0       0.998292              0       0.999812              0     0.00189607              0       0.016804      0.0377557   -4.35211e-05      0.0137187       0.999052    6.11743e-17
58     0.00373347              0    -0.00231229              0      -0.753144              0       0.774724              0       0.225294              0       0.999982              0       0.390395       -0.26994      -0.764684      -0.435849     0.00428298    2.62257e-19
59     -0.0214751              0     -0.0210728              0   -0.000254854              0       0.999388              0        0.99977              0    0.000842236              0     -0.0223798     -0.0105408      0.0107182      0.0107421       0.999579    6.12065e-17
60      -0.055868              0      0.0242933              0   -0.000985774              0        0.99973              0       0.998989              0     0.00128065              0      -0.011044      0.0121545      0.0151539      0.0279519       0.999359    6.11931e-17
61    -0.00961741              0      0.0201174              0       0.569186              0       0.450753              0        0.54948              0       0.999768              0      -0.337203       0.659956      -0.592435       0.315501      0.0152415    9.33271e-19
62      0.0354502              0      0.0171912              0   -0.000198266              0       0.999781              0       0.998364              0      0.0018547              0     -0.0120378     0.00860356      0.0363457     -0.0177415       0.999072    6.11755e-17
63     0.00308845              0     -0.0125992              0      -0.870418              0        0.74169              0       0.258473              0       0.999837              0       0.124062      -0.492868      -0.852602      -0.120817      0.0127816    7.82645e-19
64     -0.0508408              0     -0.0145178              0   -0.000256491              0       0.999818              0       0.998861              0     0.00132136              0     -0.0113763    -0.00726369      0.0221838      0.0254372       0.999339    6.11919e-17
65       0.021923              0    -0.00231532              0      -0.972697              0       0.610295              0        0.38991              0       0.999795              0        0.61901     -0.0808219      -0.156349      -0.765274      0.0143236    8.77067e-19
66      0.0174311              0     -0.0129703              0     -0.0933986              0       0.603085              0       0.397126              0       0.999789              0       0.444467      -0.446502       0.492742      -0.600066      0.0145243    8.89358e-19
67    -0.00557298              0     -0.0705006              0     0.00025002              0        0.99783              0       0.999991              0      0.0021794              0      0.0304142     -0.0352888     0.00113828     0.00278953        0.99891    6.11656e-17
68    -0.00349065              0    -0.00102105              0      -0.245225              0       0.984703              0      0.0153183              0       0.999979              0     -0.0526678      -0.111909      -0.915595       0.382579     0.00456199    2.79342e-19
69     -0.0185938              0      0.0427972              0   -0.000239486              0       0.999481              0       0.999909              0    0.000610762              0    -0.00782861      0.0214052     0.00219288     0.00929976       0.999695    6.12136e-17
70     0.00214584              0      0.0119833              0      -0.524062              0      0.0759455              0       0.924117              0       0.999938              0       0.589944        0.75896       0.239609      -0.135907     0.00789453      4.834e-19
71      -0.087124              0    -0.00743098              0    -0.00163942              0       0.999691              0       0.997746              0      0.0025639              0     -0.0171929    -0.00372026       -0.01876      0.0436179       0.998717    6.11538e-17
