#site Sx Sy Sz Sx2 Sy2 Sz2  d1  d2  d3
0      0.0221223              0       0.175943              0      -0.592354              0       0.710753              0       0.353661              0       0.935586              0        0.41122       0.346619        0.80277     -0.0435823         0.2538    1.55407e-17
1       0.498776              0      -0.429337              0     -0.0498422              0       0.631402              0        0.49492              0       0.873678              0     -0.0616057      -0.603989       -0.11283      -0.701676       0.355417     2.1763e-17
2        0.15252              0      -0.142719              0       0.720971              0       0.312304              0       0.746117              0       0.941579              0      -0.774941      -0.295233       0.392857      -0.315509       0.241705    1.48002e-17
3       0.329098              0      -0.771023              0      0.0147171              0       0.596771              0       0.930466              0       0.472762              0      -0.348348      -0.530926      -0.134827      -0.226617       0.726111    4.44615e-17
4       0.455696              0       -0.44777              0       0.247862              0       0.750824              0        0.51602              0       0.733156              0       0.247657      -0.433407       0.537986      -0.441079        0.51657    3.16308e-17
5      -0.162195              0      -0.424886              0       0.788053              0       0.707337              0       0.466594              0        0.82607              0       0.182154      -0.509395       0.703984       0.194455       0.417049    2.55369e-17
6      -0.731222              0      -0.165983              0      -0.232284              0       0.972029              0       0.515294              0       0.512678              0      -0.117635      -0.118884      -0.458703       0.523734       0.698085    4.27454e-17
7       0.191851              0       0.697839              0      -0.673014              0       0.520006              0       0.733937              0       0.746057              0      0.0239961         0.6924       0.479404      -0.190356       0.503927    3.08566e-17
8      -0.154289              0      -0.123549              0     -0.0755662              0       0.596901              0       0.415028              0        0.98807              0      -0.288471      -0.565582       0.293441       0.706303       0.109223    6.68795e-18
9       0.527647              0        0.20114              0      0.0657519              0       0.982436              0       0.911828              0       0.105735              0     -0.0790803        0.10635      -0.101682      -0.278985       0.945656    5.79047e-17
10       0.705502              0      -0.382115              0       0.506526              0       0.724708              0       0.554783              0       0.720509              0      -0.380377      -0.361394    -0.00149901      -0.667244       0.528669    3.23716e-17
11      -0.106307              0     -0.0220276              0        0.14307              0       0.990662              0      0.0231705              0       0.986168              0     -0.0238455     -0.0936463       0.878963       0.451945        0.11761    7.20156e-18
12       0.225667              0      -0.246127              0      -0.651734              0       0.598222              0       0.439668              0        0.96211              0      0.0456001      -0.632217      -0.473625      -0.579665       0.194653    1.19191e-17
13       0.069444              0       0.167756              0     -0.0134268              0       0.590357              0       0.957182              0       0.452462              0       0.629916       0.113355      -0.201535     -0.0469243       0.739958    4.53094e-17
14       0.342834              0      -0.729059              0       0.228607              0       0.535698              0       0.812872              0       0.651429              0       0.288241      -0.617429       0.320671      -0.290341       0.590399    3.61515e-17
15     -0.0733175              0     -0.0957851              0       0.630657              0       0.639011              0       0.392124              0       0.968865              0       0.536022      -0.271422       0.751474       0.207757       0.176451    1.08045e-17
16      0.0472031              0       0.132521              0      -0.454653              0       0.875595              0       0.206307              0       0.918098              0        0.26608        0.23153       0.887069     -0.0824695       0.286185    1.75238e-17
17       0.114794              0      -0.108639              0       0.165781              0       0.473343              0       0.942577              0        0.58408              0      -0.720807     -0.0842269       0.222491     -0.0889986       0.644919    3.94899e-17
18       0.851893              0        0.43291              0       0.121659              0       0.907053              0       0.597112              0       0.495835              0     0.00400519       0.304846      -0.207424      -0.599886       0.710046    4.34778e-17
19      -0.432263              0       0.112258              0       0.775481              0       0.496813              0       0.682046              0       0.821141              0       0.696831       0.132718      -0.238291        0.51105       0.422917    2.58962e-17
20      0.0988579              0      -0.524845              0      0.0068807              0       0.136291              0       0.970088              0       0.893621              0      -0.465136      -0.804585     -0.0833354      -0.151549       0.326159    1.99715e-17
21      -0.373647              0       0.127458              0      -0.815445              0       0.735055              0       0.320328              0       0.944618              0      -0.437735       0.270802       0.222378       0.793864       0.235334    1.44101e-17
22       -0.75724              0       0.579079              0      -0.291406              0       0.775058              0       0.645948              0       0.578994              0      -0.160675       0.446235       0.116408       0.583525        0.64885    3.97306e-17
23       0.503804              0       0.392866              0      -0.222135              0       0.862417              0       0.501724              0       0.635859              0      -0.177816       0.325522       0.569226      -0.417442       0.603441    3.69501e-17
24      -0.284774              0       0.345898              0       0.446527              0       0.458587              0        0.59811              0       0.943303              0       0.117689       0.726335      -0.210492       0.597983       0.238112    1.45802e-17
25       -0.69705              0      -0.384282              0       0.500164              0       0.746544              0       0.723824              0       0.529632              0       0.418292      -0.280157        0.13391       0.508177       0.685834    4.19952e-17
26     -0.0269667              0     -0.0997167              0      0.0976779              0       0.231476              0        0.96111              0       0.807414              0       0.869262      -0.113612       0.194797      0.0307245       0.438847    2.68716e-17
27      -0.415004              0      -0.664969              0       0.227918              0       0.634483              0       0.742643              0       0.622874              0      -0.269052      -0.541413       0.378398       0.337893       0.614105    3.76031e-17
28      -0.813406              0      0.0112984              0     -0.0468871              0       0.998384              0       0.335007              0       0.666609              0     -0.0389908     0.00978382      -0.410921        0.70437         0.5774    3.53556e-17
29       0.123455              0       0.275342              0      -0.203038              0       0.316799              0       0.739555              0       0.943646              0      -0.588962       0.579934       0.439126      -0.260025       0.237391     1.4536e-17
30      -0.345982              0      -0.396107              0      -0.486501              0        0.70239              0       0.439721              0       0.857888              0       0.146943      -0.525374      -0.591353       0.458891       0.376977    2.30832e-17
31      -0.438143              0      -0.801388              0     -0.0152916              0       0.683517              0       0.908601              0       0.407882              0      -0.212904      -0.520725       0.101718       0.284696       0.769492    4.71178e-17
