#i              j      <SS(i,j)>    sd(SS(i,j))    <TzTz(i,j)>  sd(TzTz(i,j))
0              0       0.482721       0.284514      0.0421403       0.047334
0              1     0.00185581       0.282565    -0.00159117       0.038012
0              2    -0.00660573       0.297427     0.00145712      0.0411197
0              3     -0.0102826       0.276992    9.50266e-05      0.0404219
0              4     -0.0022387       0.288351     0.00245986      0.0459886
0              5      0.0152006       0.281389    0.000276361      0.0457452
0              6    0.000945948       0.281898    -0.00131014      0.0434268
0              7     0.00642323       0.282305     0.00109463      0.0430285
0              8     -0.0175946       0.282037    -0.00252854      0.0406496
0              9     -0.0213023       0.281429    0.000240449      0.0413819
0             10     0.00763839       0.283953    0.000931479       0.044187
0             11      0.0112388       0.270658   -0.000162897      0.0452567
0             12     -0.0149729       0.296306   -0.000657961      0.0485347
0             13     -0.0101202         0.2808     0.00162993      0.0418392
0             14     0.00426752        0.27566    -0.00139034      0.0408803
0             15     0.00219935       0.277285   -0.000192711      0.0424546
0             16     0.00914691       0.279112    0.000168596       0.044169
0             17    -0.00362079       0.283709   -0.000188381      0.0468236
0             18     0.00801431       0.287238   -7.69251e-05      0.0469205
0             19    -0.00631492       0.282005    -0.00140644      0.0487698
0             20     0.00481064       0.281876     0.00220443      0.0484439
0             21     -0.0173474       0.275165     0.00426703      0.0454759
0             22     -0.0062361       0.265914    0.000140207       0.044814
0             23      0.0161354       0.280563    0.000180985      0.0479427
0             24     0.00847468       0.270063    0.000851506      0.0484911
0             25     -0.0105812       0.282032     -0.0015846      0.0459542
0             26     0.00614798       0.278251     0.00026928      0.0453332
0             27    -0.00588097       0.275553   -0.000393676      0.0468774
0             28    -0.00461903        0.26725    -0.00155323      0.0450793
0             29     -0.0183036       0.287414    0.000146738      0.0466921
0             30    -0.00627029       0.282018    -0.00348496      0.0428651
0             31      0.0036512       0.291587     0.00167613      0.0484347

1              0     0.00185581       0.282565    -0.00159117       0.038012
1              1       0.511545       0.290477      0.0381901      0.0466691
1              2     -0.0263369       0.300084     -0.0020639      0.0416279
1              3       0.019619       0.290492    -0.00322824      0.0391539
1              4   -0.000762794       0.293453    0.000207085      0.0412502
1              5     -0.0186979       0.294905   -0.000570741      0.0410845
1              6     -0.0170634       0.277651   -0.000550424      0.0387889
1              7     0.00350341       0.280942   -0.000835641      0.0403521
1              8      -0.017069       0.284961    0.000229983       0.040903
1              9    -0.00377304       0.289663     0.00294969      0.0405028
1             10     -0.0351465       0.290851    -0.00131309      0.0430621
1             11      0.0234725       0.289299   -0.000107276      0.0419911
1             12     0.00713805       0.287073   -0.000290706      0.0424143
1             13     -0.0160588       0.276017    0.000862068      0.0386888
1             14     -0.0273293       0.288077    0.000142262       0.041062
1             15     0.00924711       0.286599   -0.000587027      0.0434006
1             16     -0.0109194       0.300685   -0.000105074      0.0406224
1             17    -0.00432889       0.287206     0.00314887      0.0469057
1             18     -0.0121618       0.283859     0.00234163      0.0418848
1             19     0.00195805       0.277826    1.38719e-05      0.0460264
1             20     -0.0145588       0.301155     0.00247766       0.046218
1             21     -0.0014864       0.277561    -0.00181903      0.0429004
1             22      0.0205622       0.286764    0.000182925      0.0438037
1             23    -0.00684699       0.295122    0.000784197       0.045352
1             24     0.00735215       0.287683     0.00111709      0.0455738
1             25      0.0122481       0.291784     0.00127919      0.0417078
1             26    0.000186418        0.27781    -0.00178343      0.0420088
1             27     -0.0267946       0.293615     0.00163632      0.0455699
1             28     -0.0136593       0.279529     0.00251942      0.0430311
1             29     0.00612324       0.298516    0.000842749       0.043768
1             30     0.00973651       0.297464   -0.000241694      0.0441485
1             31      0.0103971       0.282418    0.000197102      0.0434428

2              0    -0.00660573       0.297427     0.00145712      0.0411197
2              1     -0.0263369       0.300084     -0.0020639      0.0416279
2              2       0.517661       0.300094      0.0432227      0.0493804
2              3     -0.0110367       0.290182   -0.000472673      0.0398016
2              4      0.0105085       0.289923    -0.00181719      0.0427097
2              5     0.00281426       0.300423     0.00333171      0.0447567
2              6    -0.00222558       0.279881     0.00132014      0.0451683
2              7    -0.00900412       0.285064     0.00108513      0.0417967
2              8      0.0130544       0.294038    7.78955e-05      0.0402716
2              9      -0.012368       0.293135    -0.00028689      0.0402679
2             10     0.00637208        0.28604    0.000312363      0.0427507
2             11     -0.0122008       0.282585    0.000360452      0.0456453
2             12      -0.018406       0.281804   -0.000259334      0.0429369
2             13      0.0117737       0.290535    -0.00158097      0.0436745
2             14     0.00898522        0.28811     0.00145663       0.043287
2             15     -0.0043538       0.281002    -0.00202753      0.0440745
2             16     0.00839448       0.294774     0.00125809      0.0462213
2             17    -0.00458462       0.282614     0.00130519      0.0477103
2             18      0.0224188         0.2904   -0.000200832      0.0474573
2             19     -0.0193756       0.286014    0.000886669      0.0481266
2             20      0.0133519       0.288539    -0.00121233      0.0497979
2             21     0.00539751       0.292357     0.00269962      0.0492719
2             22     -0.0171019       0.283275      0.0046953      0.0446275
2             23     -0.0122549       0.300266     0.00027888      0.0484195
2             24     0.00248824       0.280153     0.00023168       0.049409
2             25   -0.000347618       0.286846    -0.00208176      0.0478073
2             26     0.00168362       0.297427    0.000645112      0.0459953
2             27     -0.0125478       0.277581    -0.00116242      0.0446211
2             28      0.0170775       0.301498     0.00407663      0.0463287
2             29    -0.00696701        0.28412    0.000762701      0.0478367
2             30    -0.00535156        0.29999     0.00147578      0.0464659
2             31     0.00679323       0.286028     0.00333206      0.0443028

3              0     -0.0102826       0.276992    9.50266e-05      0.0404219
3              1       0.019619       0.290492    -0.00322824      0.0391539
3              2     -0.0110367       0.290182   -0.000472673      0.0398016
3              3       0.485962       0.289302      0.0400893      0.0491306
3              4    -0.00379151       0.300285     0.00199191      0.0443958
3              5      0.0112596       0.277582     0.00106455      0.0421215
3              6     -0.0127608       0.277123     0.00097452      0.0426576
3              7    -0.00807139       0.296144   -0.000103284      0.0425951
3              8     -0.0141533       0.271578    0.000593669      0.0404454
3              9     0.00892205       0.286967    -0.00137118      0.0378333
3             10     -0.0103632       0.285451     0.00102105      0.0424061
3             11     -0.0029099       0.281063    0.000199899      0.0437214
3             12    -0.00729377       0.287168    0.000287742      0.0417041
3             13     -0.0253664       0.286744   -0.000930902        0.04202
3             14     -0.0299663        0.27932     0.00121757      0.0411364
3             15     0.00520607       0.297139    0.000875309      0.0419564
3             16     0.00938039       0.291021     0.00306849      0.0415955
3             17    -0.00780596       0.281004    -0.00226798      0.0461642
3             18     -0.0111757       0.278623    -0.00045785      0.0454919
3             19       0.013026       0.278512    -0.00272482      0.0449676
3             20     -0.0228725       0.288332    0.000924545      0.0461649
3             21     0.00502812       0.269152    -0.00219626      0.0459963
3             22     0.00265935       0.285781    0.000282725      0.0462204
3             23     0.00102566       0.280983     0.00179222      0.0473957
3             24     0.00293784        0.27619    -0.00178257      0.0462762
3             25    -0.00558773        0.29065     0.00102578      0.0409995
3             26    -0.00675944        0.28701     -0.0003864      0.0463536
3             27     0.00227006       0.282389     0.00297949      0.0489313
3             28     0.00241808       0.273876    -0.00386879      0.0454122
3             29      0.0227982       0.290037   -0.000519275      0.0461997
3             30    -0.00798447       0.291528    -0.00115439      0.0456638
3             31      0.0115567        0.27917    0.000207271      0.0473021

4              0     -0.0022387       0.288351     0.00245986      0.0459886
4              1   -0.000762794       0.293453    0.000207085      0.0412502
4              2      0.0105085       0.289923    -0.00181719      0.0427097
4              3    -0.00379151       0.300285     0.00199191      0.0443958
4              4       0.502551       0.285697      0.0445453      0.0499807
4              5   -0.000371231       0.284099   -0.000152677      0.0462666
4              6      0.0108207       0.286288     0.00234447      0.0435419
4              7     -0.0156917       0.290351   -0.000325601      0.0425843
4              8      0.0135979       0.290608    0.000508397      0.0416037
4              9     0.00173925       0.292791   -0.000992966      0.0409732
4             10     -0.0169286       0.293751     0.00144991      0.0453088
4             11     -0.0147837         0.2865     0.00125982      0.0450715
4             12     -0.0141242       0.286937     0.00257246      0.0446807
4             13     0.00304913       0.288688    -0.00307799      0.0444842
4             14      0.0193014       0.281276   -0.000615257      0.0439876
4             15    0.000313162       0.279659    -0.00176393      0.0446247
4             16     -0.0110269       0.299053    0.000692358      0.0453286
4             17      0.0220399       0.290861     0.00099621      0.0486696
4             18    0.000287397       0.278455     0.00130264      0.0476774
4             19     -0.0213085       0.288194    0.000347489      0.0501577
4             20      0.0196193       0.298896     0.00100985      0.0508238
4             21      0.0211186       0.281724    -0.00160521      0.0487941
4             22     -0.0130226       0.277943    0.000666543      0.0480793
4             23     0.00719417        0.28137    -0.00058984      0.0478547
4             24     0.00747621       0.282506    0.000254415      0.0522334
4             25     0.00210873       0.297843     0.00294723      0.0454968
4             26    0.000112296       0.288948    -0.00209652      0.0475371
4             27     0.00247971       0.281259     0.00198033      0.0522256
4             28      -0.015529       0.269459   -5.34548e-05      0.0474654
4             29     -0.0052798       0.298794     0.00194434      0.0465817
4             30    -0.00154828        0.28875   -0.000908625      0.0476671
4             31    -0.00520488       0.279427   -0.000762306      0.0482018

5              0      0.0152006       0.281389    0.000276361      0.0457452
5              1     -0.0186979       0.294905   -0.000570741      0.0410845
5              2     0.00281426       0.300423     0.00333171      0.0447567
5              3      0.0112596       0.277582     0.00106455      0.0421215
5              4   -0.000371231       0.284099   -0.000152677      0.0462666
5              5       0.483355       0.282955      0.0458171      0.0501508
5              6    -0.00279989       0.272756    -0.00239174      0.0453831
5              7    -0.00454882       0.274333    0.000704459      0.0433679
5              8     0.00982542       0.274941     0.00263423      0.0439456
5              9    -0.00890861       0.297404   -0.000790102      0.0420455
5             10     0.00551209       0.284625    0.000691803      0.0448513
5             11    -0.00160275       0.281467     0.00122079      0.0468827
5             12     0.00417274       0.279062    0.000783204      0.0467656
5             13      0.0181878       0.288957    -0.00156532      0.0457154
5             14   -0.000477011       0.282221    0.000879307      0.0439858
5             15      0.0102357       0.270032    0.000124665      0.0470757
5             16     -0.0072135       0.275825    -5.0308e-05      0.0476571
5             17     -0.0194875       0.275205    6.17978e-05      0.0504571
5             18      0.0108652       0.287426     0.00152253      0.0489963
5             19    -0.00338919       0.270289   -0.000134949      0.0481817
5             20     0.00269617       0.286331   -0.000117809      0.0520092
5             21     0.00713689       0.260536   -0.000979777      0.0502886
5             22      0.0232989       0.272667     0.00239754      0.0476793
5             23     -0.0353045       0.274674    0.000559573      0.0503453
5             24    -0.00943747       0.277836    0.000763033      0.0512708
5             25    -0.00132712       0.286188    -0.00238622      0.0492399
5             26   -0.000388072       0.289456    0.000937743      0.0473575
5             27    -0.00491069        0.26962    -0.00330546      0.0498194
5             28     0.00542136       0.274638    -0.00311892       0.048475
5             29     0.00159351       0.288826     0.00100947      0.0466016
5             30     -0.0118495       0.273875     -0.0022656      0.0457503
5             31     0.00952748       0.274436     0.00196468       0.051525

6              0    0.000945948       0.281898    -0.00131014      0.0434268
6              1     -0.0170634       0.277651   -0.000550424      0.0387889
6              2    -0.00222558       0.279881     0.00132014      0.0451683
6              3     -0.0127608       0.277123     0.00097452      0.0426576
6              4      0.0108207       0.286288     0.00234447      0.0435419
6              5    -0.00279989       0.272756    -0.00239174      0.0453831
6              6       0.474725       0.290282      0.0453431      0.0510794
6              7     0.00166034       0.279245     0.00370057      0.0422377
6              8   -0.000752602       0.281407   -0.000105542       0.042002
6              9     -0.0126932       0.291412    -0.00160757      0.0439505
6             10     0.00432342       0.287229   -0.000268981      0.0446074
6             11    -0.00412358       0.281872    -0.00262776      0.0456296
6             12     -0.0134256       0.284513    -0.00302877      0.0441636
6             13      0.0154503       0.277003   -0.000782815      0.0451861
6             14      0.0218823        0.26733   -0.000813625      0.0451888
6             15     -0.0125773       0.276128     0.00129301      0.0453663
6             16     -0.0102884       0.270487     -0.0013769      0.0477824
6             17      0.0152057       0.282603    -0.00107539      0.0489534
6             18     -0.0102306       0.271321     0.00133083      0.0486786
6             19     -0.0136917        0.27021     0.00233339       0.050364
6             20       0.011972       0.281711    -0.00116983      0.0501925
6             21    -0.00961266       0.265197    -0.00325171       0.049342
6             22      0.0208605       0.274216     0.00273883      0.0465563
6             23     -0.0288993        0.28061    -0.00105955      0.0472631
6             24    6.88959e-07       0.264012    -0.00252445      0.0508769
6             25     -0.0138739       0.287574     0.00517789      0.0476875
6             26      0.0205334       0.279623    -0.00636384      0.0485144
6             27     0.00807701       0.282509    -0.00389117      0.0507089
6             28     -0.0166528       0.279543     3.7426e-05       0.048681
6             29      0.0127256       0.278614     0.00123642      0.0491196
6             30    -0.00725969       0.285703    -0.00154334      0.0462527
6             31     -0.0103434       0.273182   -0.000111348       0.047247

7              0     0.00642323       0.282305     0.00109463      0.0430285
7              1     0.00350341       0.280942   -0.000835641      0.0403521
7              2    -0.00900412       0.285064     0.00108513      0.0417967
7              3    -0.00807139       0.296144   -0.000103284      0.0425951
7              4     -0.0156917       0.290351   -0.000325601      0.0425843
7              5    -0.00454882       0.274333    0.000704459      0.0433679
7              6     0.00166034       0.279245     0.00370057      0.0422377
7              7       0.502102       0.289454      0.0437397      0.0483112
7              8      0.0193332       0.281067    -0.00167536      0.0408076
7              9    -0.00521382       0.293721    -0.00114273      0.0407196
7             10    -0.00572872       0.280565   -0.000959249      0.0435668
7             11    -0.00153222       0.271372    0.000874791       0.044924
7             12      0.0172561       0.286424   -0.000196461      0.0439484
7             13     0.00266983       0.286163   -0.000489436      0.0445697
7             14      0.0104382        0.28874     0.00108783      0.0421576
7             15     0.00870413       0.274543    0.000735147      0.0440713
7             16     -0.0110525       0.281839    -0.00211065      0.0453921
7             17     -0.0128852       0.290889   -0.000131201      0.0498811
7             18     0.00951871       0.288593     0.00360586      0.0477697
7             19      0.0115436       0.289773    -0.00162518      0.0495865
7             20     -0.0049112        0.29618   -0.000547949      0.0475588
7             21    -0.00591984       0.274309    -0.00158547      0.0484516
7             22    -0.00270938       0.277347     0.00222739      0.0464244
7             23     0.00632374       0.279568     0.00181732       0.050671
7             24     -0.0130036       0.277198     0.00221731      0.0498844
7             25      0.0116196       0.301904   -0.000745894       0.046192
7             26     -0.0117131       0.286323   -0.000633525      0.0460094
7             27     -0.0222736       0.295201    8.32566e-05      0.0482242
7             28      0.0236722       0.291105     0.00231999      0.0458466
7             29     -0.0254853       0.298859   -0.000844342      0.0466439
7             30     -0.0256455       0.291799    -0.00175538      0.0452719
7             31    -0.00436478       0.284801   -5.11464e-05       0.049249

8              0     -0.0175946       0.282037    -0.00252854      0.0406496
8              1      -0.017069       0.284961    0.000229983       0.040903
8              2      0.0130544       0.294038    7.78955e-05      0.0402716
8              3     -0.0141533       0.271578    0.000593669      0.0404454
8              4      0.0135979       0.290608    0.000508397      0.0416037
8              5     0.00982542       0.274941     0.00263423      0.0439456
8              6   -0.000752602       0.281407   -0.000105542       0.042002
8              7      0.0193332       0.281067    -0.00167536      0.0408076
8              8       0.499078        0.29483      0.0394339      0.0510273
8              9      0.0200393       0.287594    0.000571127      0.0381527
8             10      0.0014383       0.291363    0.000219461      0.0427822
8             11     -0.0075939       0.273418    0.000743353      0.0428595
8             12     0.00702422        0.29546     0.00123355      0.0433088
8             13      0.0107774       0.283339    -0.00124126      0.0417864
8             14    -0.00160363         0.2779   -0.000159949      0.0419214
8             15      0.0230472        0.27869    -0.00147957      0.0432195
8             16   -0.000685209       0.304635   -0.000309277      0.0436323
8             17     0.00772872        0.28473     -0.0010081      0.0481963
8             18     -0.0107789       0.286143    0.000611716      0.0451398
8             19     0.00876664       0.287419    0.000771159      0.0465046
8             20      -0.028773       0.293091    0.000445734      0.0457102
8             21     -0.0203504       0.277998   -0.000502374      0.0480013
8             22    -0.00440405       0.277839    0.000532617      0.0440511
8             23      0.0264124       0.284058     0.00122343      0.0462228
8             24       0.028405        0.28032    -0.00293999      0.0461092
8             25     0.00239735        0.29544     0.00462719      0.0434946
8             26      -0.015519       0.268721     0.00180601       0.042309
8             27      0.0138863       0.278133   -0.000669038      0.0484578
8             28    -0.00881557       0.285408   -0.000352845      0.0439832
8             29     -0.0147158       0.295904     0.00109126      0.0475628
8             30      0.0166235       0.285674    -0.00169256      0.0426606
8             31    -0.00273154        0.28452   -0.000613246      0.0479257

9              0     -0.0213023       0.281429    0.000240449      0.0413819
9              1    -0.00377304       0.289663     0.00294969      0.0405028
9              2      -0.012368       0.293135    -0.00028689      0.0402679
9              3     0.00892205       0.286967    -0.00137118      0.0378333
9              4     0.00173925       0.292791   -0.000992966      0.0409732
9              5    -0.00890861       0.297404   -0.000790102      0.0420455
9              6     -0.0126932       0.291412    -0.00160757      0.0439505
9              7    -0.00521382       0.293721    -0.00114273      0.0407196
9              8      0.0200393       0.287594    0.000571127      0.0381527
9              9       0.507167       0.294414      0.0400058      0.0479216
9             10     -0.0113382       0.293677    -0.00389214      0.0437873
9             11      0.0225511       0.282207    0.000445259      0.0431325
9             12      0.0225134       0.286912     -0.0018249      0.0427834
9             13     0.00972922       0.291728   -0.000359133      0.0394571
9             14       0.018875        0.28632       0.001794       0.040249
9             15     0.00387686         0.2917     0.00090173      0.0403755
9             16       0.002182       0.295502    -0.00268225      0.0430031
9             17     -0.0125887       0.284686     0.00280623      0.0478542
9             18    -0.00581036       0.282753    -0.00156536       0.046442
9             19      0.0269224       0.290424    -0.00201287      0.0495561
9             20     -0.0086279       0.292862   -0.000855423       0.048685
9             21     -0.0255122       0.282279    -0.00296743      0.0460611
9             22    -0.00529439       0.292939     0.00189399      0.0444492
9             23     0.00366187       0.292713    0.000208323      0.0465551
9             24     0.00391514       0.278539    -0.00376562      0.0510712
9             25     -0.0046187       0.307995     0.00108853      0.0441978
9             26      0.0189588       0.293708    -0.00109989      0.0437655
9             27    -0.00109575       0.289891   -0.000658031      0.0459121
9             28     -0.0122322       0.290467    -0.00022015      0.0442593
9             29      0.0144687       0.289577     0.00245736      0.0434177
9             30      0.0284488       0.287587   -0.000284686      0.0440285
9             31     -0.0182283       0.277748    -0.00406799      0.0453223

10              0     0.00763839       0.283953    0.000931479       0.044187
10              1     -0.0351465       0.290851    -0.00131309      0.0430621
10              2     0.00637208        0.28604    0.000312363      0.0427507
10              3     -0.0103632       0.285451     0.00102105      0.0424061
10              4     -0.0169286       0.293751     0.00144991      0.0453088
10              5     0.00551209       0.284625    0.000691803      0.0448513
10              6     0.00432342       0.287229   -0.000268981      0.0446074
10              7    -0.00572872       0.280565   -0.000959249      0.0435668
10              8      0.0014383       0.291363    0.000219461      0.0427822
10              9     -0.0113382       0.293677    -0.00389214      0.0437873
10             10       0.494966       0.291996      0.0440982      0.0491765
10             11      0.0197596       0.279132    0.000480854      0.0449869
10             12      0.0259701       0.276001     -0.0018824      0.0444569
10             13      0.0228773        0.28914     -0.0015589      0.0420468
10             14    -0.00257808       0.282718    -0.00319781      0.0429425
10             15      0.0274525       0.289923    -0.00228614       0.044384
10             16      0.0174795       0.285695     0.00167071      0.0468427
10             17     0.00780146       0.285453     0.00336358       0.051172
10             18     -0.0156029       0.284683     0.00201096      0.0465076
10             19     -0.0085914       0.280306      0.0037727      0.0509722
10             20    -0.00695446       0.290709   -0.000682742      0.0485032
10             21      0.0129106        0.28578     0.00141084      0.0497802
10             22      0.0120735       0.280478     0.00241726      0.0482608
10             23    -0.00180357       0.284837     0.00137283      0.0477315
10             24     0.00440558       0.262782    0.000928419      0.0487553
10             25    -0.00473546       0.295996     0.00262688       0.046245
10             26      0.0187815       0.285446    -0.00244525      0.0473946
10             27     -0.0108078       0.282472     0.00369208      0.0478628
10             28     0.00425227        0.27879    0.000151534      0.0454591
10             29      0.0177289        0.29447     0.00178625      0.0485768
10             30     0.00329162        0.28706    0.000341816      0.0450761
10             31     0.00803322       0.286811     0.00168845      0.0492089

11              0      0.0112388       0.270658   -0.000162897      0.0452567
11              1      0.0234725       0.289299   -0.000107276      0.0419911
11              2     -0.0122008       0.282585    0.000360452      0.0456453
11              3     -0.0029099       0.281063    0.000199899      0.0437214
11              4     -0.0147837         0.2865     0.00125982      0.0450715
11              5    -0.00160275       0.281467     0.00122079      0.0468827
11              6    -0.00412358       0.281872    -0.00262776      0.0456296
11              7    -0.00153222       0.271372    0.000874791       0.044924
11              8     -0.0075939       0.273418    0.000743353      0.0428595
11              9      0.0225511       0.282207    0.000445259      0.0431325
11             10      0.0197596       0.279132    0.000480854      0.0449869
11             11       0.478631       0.290873       0.045778      0.0526305
11             12     0.00944563       0.275914    0.000801522      0.0439663
11             13     0.00181212       0.283794   -6.63714e-05      0.0469368
11             14     -0.0054203       0.273427     0.00223533      0.0458148
11             15     0.00768977       0.272603     -0.0017546      0.0469403
11             16    -0.00301491       0.283678    -0.00125811      0.0465737
11             17    0.000667822       0.272325     0.00241746       0.047843
11             18     0.00614125       0.288809    0.000481329      0.0506194
11             19     0.00363349       0.270844    0.000348973      0.0496178
11             20      0.0016775       0.271617    -0.00152791        0.04949
11             21      0.0146752       0.270044   -0.000426513      0.0516913
11             22      0.0105602       0.278086     0.00280171      0.0470391
11             23     -0.0168292       0.281315   -0.000897981      0.0515049
11             24     0.00717428       0.274834    -0.00163581      0.0522793
11             25     -0.0200734       0.294374     0.00238293      0.0470665
11             26      0.0281101       0.284487   -4.18461e-05      0.0467489
11             27      0.0082659       0.275799    -0.00180435      0.0480183
11             28     0.00289455       0.284896    -0.00126874      0.0497584
11             29      0.0255901       0.284868   -0.000649466      0.0493009
11             30    -0.00514255       0.287601   -0.000121497        0.04849
11             31    -0.00962868       0.287745    -0.00154728      0.0492378

12              0     -0.0149729       0.296306   -0.000657961      0.0485347
12              1     0.00713805       0.287073   -0.000290706      0.0424143
12              2      -0.018406       0.281804   -0.000259334      0.0429369
12              3    -0.00729377       0.287168    0.000287742      0.0417041
12              4     -0.0141242       0.286937     0.00257246      0.0446807
12              5     0.00417274       0.279062    0.000783204      0.0467656
12              6     -0.0134256       0.284513    -0.00302877      0.0441636
12              7      0.0172561       0.286424   -0.000196461      0.0439484
12              8     0.00702422        0.29546     0.00123355      0.0433088
12              9      0.0225134       0.286912     -0.0018249      0.0427834
12             10      0.0259701       0.276001     -0.0018824      0.0444569
12             11     0.00944563       0.275914    0.000801522      0.0439663
12             12       0.499288       0.282637      0.0457153      0.0485488
12             13     0.00760175        0.30051    5.11755e-05      0.0434493
12             14    -0.00923549       0.275231   -0.000861467      0.0447256
12             15     0.00474475       0.279634     -0.0023786      0.0465028
12             16       0.015739       0.273898    -0.00142989      0.0454146
12             17     -0.0175441        0.28981     0.00160235      0.0502821
12             18     0.00183297       0.285617     0.00156973      0.0468455
12             19      0.0201017       0.282344     0.00124437      0.0503267
12             20    -0.00486891       0.281049    -0.00127642      0.0496435
12             21      0.0125548       0.267075    -0.00062554      0.0495454
12             22     0.00034797       0.273256    -0.00246578      0.0483975
12             23     0.00139939        0.28361     0.00321464      0.0483017
12             24    0.000785434       0.289896     0.00330643      0.0521914
12             25    -0.00472992       0.293889    -0.00229861      0.0489355
12             26     -0.0138767       0.279269    -0.00302487       0.046521
12             27    -0.00497212       0.277538    0.000202192      0.0502034
12             28       0.017714       0.280555    -0.00294816       0.047183
12             29      0.0024282       0.282958   -0.000512015      0.0491635
12             30     -0.0156066       0.290151    0.000719632      0.0468276
12             31       0.022317       0.284083    -0.00137756       0.047699

13              0     -0.0101202         0.2808     0.00162993      0.0418392
13              1     -0.0160588       0.276017    0.000862068      0.0386888
13              2      0.0117737       0.290535    -0.00158097      0.0436745
13              3     -0.0253664       0.286744   -0.000930902        0.04202
13              4     0.00304913       0.288688    -0.00307799      0.0444842
13              5      0.0181878       0.288957    -0.00156532      0.0457154
13              6      0.0154503       0.277003   -0.000782815      0.0451861
13              7     0.00266983       0.286163   -0.000489436      0.0445697
13              8      0.0107774       0.283339    -0.00124126      0.0417864
13              9     0.00972922       0.291728   -0.000359133      0.0394571
13             10      0.0228773        0.28914     -0.0015589      0.0420468
13             11     0.00181212       0.283794   -6.63714e-05      0.0469368
13             12     0.00760175        0.30051    5.11755e-05      0.0434493
13             13       0.506502       0.294206      0.0438723      0.0507879
13             14    0.000389861       0.283972   -0.000705506      0.0440784
13             15      0.0261983       0.283046    -0.00163895      0.0434501
13             16   -0.000839124       0.285323    -0.00104391      0.0456812
13             17      0.0202349       0.291662     0.00208872      0.0489375
13             18    -0.00831857       0.288776     0.00135441      0.0462999
13             19     0.00331884       0.277018    0.000759183      0.0496799
13             20     0.00927537       0.301659     0.00114839      0.0478104
13             21      0.0163627       0.296189     0.00229604      0.0495764
13             22    -0.00493454        0.27955    -0.00428067      0.0476545
13             23     -0.0198937       0.282431     0.00163298      0.0496204
13             24     -0.0208393        0.26948    0.000219149      0.0533327
13             25     0.00943067       0.286335    -0.00157723      0.0467746
13             26     -0.0110936       0.278935      0.0021588      0.0455214
13             27     -0.0202924       0.285533     0.00166604      0.0482722
13             28    -0.00386664       0.284331    -0.00181656      0.0469125
13             29    -0.00537694        0.29169   -0.000139278      0.0464891
13             30     -0.0143106       0.285556   -0.000539298      0.0447849
13             31      0.0249141       0.287353     0.00395446      0.0464007

14              0     0.00426752        0.27566    -0.00139034      0.0408803
14              1     -0.0273293       0.288077    0.000142262       0.041062
14              2     0.00898522        0.28811     0.00145663       0.043287
14              3     -0.0299663        0.27932     0.00121757      0.0411364
14              4      0.0193014       0.281276   -0.000615257      0.0439876
14              5   -0.000477011       0.282221    0.000879307      0.0439858
14              6      0.0218823        0.26733   -0.000813625      0.0451888
14              7      0.0104382        0.28874     0.00108783      0.0421576
14              8    -0.00160363         0.2779   -0.000159949      0.0419214
14              9       0.018875        0.28632       0.001794       0.040249
14             10    -0.00257808       0.282718    -0.00319781      0.0429425
14             11     -0.0054203       0.273427     0.00223533      0.0458148
14             12    -0.00923549       0.275231   -0.000861467      0.0447256
14             13    0.000389861       0.283972   -0.000705506      0.0440784
14             14       0.483075       0.289115      0.0413403      0.0516489
14             15     -0.0101169       0.272396    -0.00196151      0.0449214
14             16     -0.0109772       0.288903    0.000851777      0.0455846
14             17    -0.00030925       0.269878     0.00250235       0.049816
14             18     0.00543418       0.282187    -0.00209412      0.0472574
14             19       0.031747       0.278738     -0.0034916      0.0479802
14             20      0.0175446       0.296899    -0.00333629      0.0460671
14             21     -0.0237694       0.277162    -0.00235503       0.048262
14             22     -0.0230248       0.269153     0.00167298      0.0453183
14             23    -0.00971051       0.273041    0.000755686      0.0472191
14             24      0.0152018       0.269144    0.000960272      0.0500934
14             25    0.000793937       0.292759   -0.000182323      0.0435069
14             26      0.0044725       0.277171    0.000524044      0.0461924
14             27    -0.00988641       0.275794    0.000963684      0.0453538
14             28    -0.00587791       0.270823    0.000866204      0.0454174
14             29      0.0127235       0.281506    0.000869396      0.0457066
14             30      0.0117666       0.280992    -0.00238301      0.0447574
14             31     0.00187619       0.265352   -0.000908793      0.0467389

15              0     0.00219935       0.277285   -0.000192711      0.0424546
15              1     0.00924711       0.286599   -0.000587027      0.0434006
15              2     -0.0043538       0.281002    -0.00202753      0.0440745
15              3     0.00520607       0.297139    0.000875309      0.0419564
15              4    0.000313162       0.279659    -0.00176393      0.0446247
15              5      0.0102357       0.270032    0.000124665      0.0470757
15              6     -0.0125773       0.276128     0.00129301      0.0453663
15              7     0.00870413       0.274543    0.000735147      0.0440713
15              8      0.0230472        0.27869    -0.00147957      0.0432195
15              9     0.00387686         0.2917     0.00090173      0.0403755
15             10      0.0274525       0.289923    -0.00228614       0.044384
15             11     0.00768977       0.272603     -0.0017546      0.0469403
15             12     0.00474475       0.279634     -0.0023786      0.0465028
15             13      0.0261983       0.283046    -0.00163895      0.0434501
15             14     -0.0101169       0.272396    -0.00196151      0.0449214
15             15       0.482434        0.28897      0.0453448      0.0509146
15             16      0.0149823       0.267612    -0.00148373      0.0451931
15             17    7.74038e-05        0.27447        0.00189      0.0496865
15             18      0.0129553       0.274476    0.000762804      0.0484291
15             19    -0.00112122       0.289901    -0.00269755      0.0502561
15             20    -0.00602061       0.279371    0.000923001      0.0530387
15             21     -0.0238914       0.282069   -0.000122317      0.0514782
15             22    -0.00121363       0.279334    0.000101333      0.0509567
15             23     -0.0121212       0.270502   -0.000706521      0.0506912
15             24      0.0033653       0.273514    -0.00183044      0.0517123
15             25    -0.00878517       0.305019     0.00174746      0.0473502
15             26     0.00188064       0.298724     0.00214233      0.0463898
15             27    -0.00367548       0.281366    -0.00124092      0.0491882
15             28     -0.0166368       0.284904    -0.00211897      0.0469582
15             29     0.00330049       0.286483   -0.000109088      0.0471523
15             30     -0.0190796       0.286432    -0.00163099      0.0451842
15             31    -0.00220418       0.276528   -0.000143055       0.049924

16              0     0.00914691       0.279112    0.000168596       0.044169
16              1     -0.0109194       0.300685   -0.000105074      0.0406224
16              2     0.00839448       0.294774     0.00125809      0.0462213
16              3     0.00938039       0.291021     0.00306849      0.0415955
16              4     -0.0110269       0.299053    0.000692358      0.0453286
16              5     -0.0072135       0.275825    -5.0308e-05      0.0476571
16              6     -0.0102884       0.270487     -0.0013769      0.0477824
16              7     -0.0110525       0.281839    -0.00211065      0.0453921
16              8   -0.000685209       0.304635   -0.000309277      0.0436323
16              9       0.002182       0.295502    -0.00268225      0.0430031
16             10      0.0174795       0.285695     0.00167071      0.0468427
16             11    -0.00301491       0.283678    -0.00125811      0.0465737
16             12       0.015739       0.273898    -0.00142989      0.0454146
16             13   -0.000839124       0.285323    -0.00104391      0.0456812
16             14     -0.0109772       0.288903    0.000851777      0.0455846
16             15      0.0149823       0.267612    -0.00148373      0.0451931
16             16       0.505057       0.291604      0.0472367      0.0511945
16             17     0.00309222       0.284646   -0.000890887      0.0487822
16             18     0.00673956       0.287607    -0.00343876      0.0471512
16             19     -0.0191012       0.287826   -0.000415131       0.050653
16             20      0.0104074        0.30933    0.000939252      0.0527183
16             21    -0.00450731       0.295236    0.000820559      0.0501481
16             22    -0.00821811       0.291017    0.000580326      0.0479047
16             23     0.00285264       0.283426    -0.00366585      0.0515706
16             24      0.0191952       0.271793    -0.00383959      0.0526508
16             25      0.0211789        0.30837    -0.00115754      0.0467467
16             26      0.0103425       0.294047    -0.00101594      0.0477217
16             27     -0.0133511       0.297532     0.00216906      0.0491291
16             28    0.000428533       0.291044    0.000269073      0.0479927
16             29      0.0134534       0.293533    0.000639145      0.0477416
16             30     -0.0127369       0.305085    -0.00222273      0.0470088
16             31     0.00342509       0.287537    0.000878836      0.0498576

17              0    -0.00362079       0.283709   -0.000188381      0.0468236
17              1    -0.00432889       0.287206     0.00314887      0.0469057
17              2    -0.00458462       0.282614     0.00130519      0.0477103
17              3    -0.00780596       0.281004    -0.00226798      0.0461642
17              4      0.0220399       0.290861     0.00099621      0.0486696
17              5     -0.0194875       0.275205    6.17978e-05      0.0504571
17              6      0.0152057       0.282603    -0.00107539      0.0489534
17              7     -0.0128852       0.290889   -0.000131201      0.0498811
17              8     0.00772872        0.28473     -0.0010081      0.0481963
17              9     -0.0125887       0.284686     0.00280623      0.0478542
17             10     0.00780146       0.285453     0.00336358       0.051172
17             11    0.000667822       0.272325     0.00241746       0.047843
17             12     -0.0175441        0.28981     0.00160235      0.0502821
17             13      0.0202349       0.291662     0.00208872      0.0489375
17             14    -0.00030925       0.269878     0.00250235       0.049816
17             15    7.74038e-05        0.27447        0.00189      0.0496865
17             16     0.00309222       0.284646   -0.000890887      0.0487822
17             17       0.484967       0.283048      0.0550524      0.0579688
17             18       0.013162        0.29489     0.00169356      0.0546675
17             19     -0.0290746       0.283898     0.00186421      0.0571493
17             20    -0.00247482       0.299072    -0.00224076      0.0553304
17             21     0.00687933        0.27732    -0.00225597      0.0538059
17             22       0.028866       0.277737     0.00514685      0.0507386
17             23     0.00385971       0.287872     -0.0028626      0.0548949
17             24    -0.00144996       0.282646    0.000633592      0.0545276
17             25      -0.012576        0.29473    0.000932204      0.0520824
17             26    -0.00264149       0.293388    -0.00219985      0.0505772
17             27    -0.00693686        0.28856   -0.000299062      0.0537766
17             28      -0.016407        0.28634   -0.000203857      0.0518308
17             29      0.0109095       0.296409     0.00124066      0.0538208
17             30    -0.00801683       0.296675     0.00248652      0.0504589
17             31     -0.0188798       0.283892      0.0014666      0.0561729

18              0     0.00801431       0.287238   -7.69251e-05      0.0469205
18              1     -0.0121618       0.283859     0.00234163      0.0418848
18              2      0.0224188         0.2904   -0.000200832      0.0474573
18              3     -0.0111757       0.278623    -0.00045785      0.0454919
18              4    0.000287397       0.278455     0.00130264      0.0476774
18              5      0.0108652       0.287426     0.00152253      0.0489963
18              6     -0.0102306       0.271321     0.00133083      0.0486786
18              7     0.00951871       0.288593     0.00360586      0.0477697
18              8     -0.0107789       0.286143    0.000611716      0.0451398
18              9    -0.00581036       0.282753    -0.00156536       0.046442
18             10     -0.0156029       0.284683     0.00201096      0.0465076
18             11     0.00614125       0.288809    0.000481329      0.0506194
18             12     0.00183297       0.285617     0.00156973      0.0468455
18             13    -0.00831857       0.288776     0.00135441      0.0462999
18             14     0.00543418       0.282187    -0.00209412      0.0472574
18             15      0.0129553       0.274476    0.000762804      0.0484291
18             16     0.00673956       0.287607    -0.00343876      0.0471512
18             17       0.013162        0.29489     0.00169356      0.0546675
18             18       0.480616       0.287739      0.0520781      0.0522368
18             19     -0.0109843       0.280684     0.00581397      0.0534365
18             20    -0.00054804       0.302709     0.00205177      0.0527692
18             21    -0.00286322       0.289545   -0.000709727      0.0575015
18             22      -0.002164       0.283578     0.00113022      0.0482315
18             23     0.00276846       0.275458      0.0019106      0.0535109
18             24      0.0274179       0.286929       0.001826      0.0559191
18             25     0.00550549       0.298685    0.000841759      0.0509474
18             26    -0.00723934        0.29723      0.0019202      0.0499492
18             27     0.00561917       0.283663    -0.00244506      0.0527708
18             28     0.00376828       0.283351     0.00331936      0.0511625
18             29    -0.00172456       0.294545    -0.00339736      0.0522508
18             30     0.00444714       0.285237     0.00311437       0.048827
18             31     -0.0144253       0.281077    -0.00148387      0.0535196

19              0    -0.00631492       0.282005    -0.00140644      0.0487698
19              1     0.00195805       0.277826    1.38719e-05      0.0460264
19              2     -0.0193756       0.286014    0.000886669      0.0481266
19              3       0.013026       0.278512    -0.00272482      0.0449676
19              4     -0.0213085       0.288194    0.000347489      0.0501577
19              5    -0.00338919       0.270289   -0.000134949      0.0481817
19              6     -0.0136917        0.27021     0.00233339       0.050364
19              7      0.0115436       0.289773    -0.00162518      0.0495865
19              8     0.00876664       0.287419    0.000771159      0.0465046
19              9      0.0269224       0.290424    -0.00201287      0.0495561
19             10     -0.0085914       0.280306      0.0037727      0.0509722
19             11     0.00363349       0.270844    0.000348973      0.0496178
19             12      0.0201017       0.282344     0.00124437      0.0503267
19             13     0.00331884       0.277018    0.000759183      0.0496799
19             14       0.031747       0.278738     -0.0034916      0.0479802
19             15    -0.00112122       0.289901    -0.00269755      0.0502561
19             16     -0.0191012       0.287826   -0.000415131       0.050653
19             17     -0.0290746       0.283898     0.00186421      0.0571493
19             18     -0.0109843       0.280684     0.00581397      0.0534365
19             19       0.479572       0.283519      0.0563138      0.0564805
19             20     -0.0226641       0.289799    0.000553954      0.0575988
19             21     -0.0249841       0.281206     0.00121082       0.058298
19             22    -0.00308119       0.275663   -0.000859776      0.0535184
19             23     -0.0229781       0.279881    0.000285104      0.0552582
19             24     0.00727207       0.270982     0.00136372      0.0581453
19             25     -0.0110434       0.291143     0.00123164      0.0512082
19             26     -0.0120211       0.280432    -0.00109386      0.0508576
19             27     0.00381369       0.271931     0.00102579      0.0531041
19             28     -0.0112438       0.286682    0.000102989      0.0536725
19             29      0.0189573       0.282335    -0.00107593      0.0541542
19             30      0.0199131       0.293425     0.00223667      0.0530575
19             31    -0.00873261       0.286157      0.0005376      0.0560184

20              0     0.00481064       0.281876     0.00220443      0.0484439
20              1     -0.0145588       0.301155     0.00247766       0.046218
20              2      0.0133519       0.288539    -0.00121233      0.0497979
20              3     -0.0228725       0.288332    0.000924545      0.0461649
20              4      0.0196193       0.298896     0.00100985      0.0508238
20              5     0.00269617       0.286331   -0.000117809      0.0520092
20              6       0.011972       0.281711    -0.00116983      0.0501925
20              7     -0.0049112        0.29618   -0.000547949      0.0475588
20              8      -0.028773       0.293091    0.000445734      0.0457102
20              9     -0.0086279       0.292862   -0.000855423       0.048685
20             10    -0.00695446       0.290709   -0.000682742      0.0485032
20             11      0.0016775       0.271617    -0.00152791        0.04949
20             12    -0.00486891       0.281049    -0.00127642      0.0496435
20             13     0.00927537       0.301659     0.00114839      0.0478104
20             14      0.0175446       0.296899    -0.00333629      0.0460671
20             15    -0.00602061       0.279371    0.000923001      0.0530387
20             16      0.0104074        0.30933    0.000939252      0.0527183
20             17    -0.00247482       0.299072    -0.00224076      0.0553304
20             18    -0.00054804       0.302709     0.00205177      0.0527692
20             19     -0.0226641       0.289799    0.000553954      0.0575988
20             20       0.508569       0.280684      0.0559303      0.0548827
20             21      -0.026421       0.289275   -0.000918283      0.0554896
20             22     -0.0243893       0.284561   -0.000226538      0.0559582
20             23      0.0121819       0.290816     0.00153407      0.0559185
20             24       0.021408       0.294926     0.00207567      0.0571587
20             25    -0.00159145       0.293477    -0.00349218      0.0518839
20             26      0.0219145       0.304209     0.00388811      0.0521866
20             27    -0.00662616       0.287508     0.00175785      0.0563243
20             28    -0.00235047       0.301085      0.0010473      0.0513931
20             29     -0.0081268       0.296032    -0.00192725      0.0551477
20             30     -0.0156103       0.293277   -0.000522281      0.0518012
20             31     0.00288181       0.289246   -0.000134197      0.0545349

21              0     -0.0173474       0.275165     0.00426703      0.0454759
21              1     -0.0014864       0.277561    -0.00181903      0.0429004
21              2     0.00539751       0.292357     0.00269962      0.0492719
21              3     0.00502812       0.269152    -0.00219626      0.0459963
21              4      0.0211186       0.281724    -0.00160521      0.0487941
21              5     0.00713689       0.260536   -0.000979777      0.0502886
21              6    -0.00961266       0.265197    -0.00325171       0.049342
21              7    -0.00591984       0.274309    -0.00158547      0.0484516
21              8     -0.0203504       0.277998   -0.000502374      0.0480013
21              9     -0.0255122       0.282279    -0.00296743      0.0460611
21             10      0.0129106        0.28578     0.00141084      0.0497802
21             11      0.0146752       0.270044   -0.000426513      0.0516913
21             12      0.0125548       0.267075    -0.00062554      0.0495454
21             13      0.0163627       0.296189     0.00229604      0.0495764
21             14     -0.0237694       0.277162    -0.00235503       0.048262
21             15     -0.0238914       0.282069   -0.000122317      0.0514782
21             16    -0.00450731       0.295236    0.000820559      0.0501481
21             17     0.00687933        0.27732    -0.00225597      0.0538059
21             18    -0.00286322       0.289545   -0.000709727      0.0575015
21             19     -0.0249841       0.281206     0.00121082       0.058298
21             20      -0.026421       0.289275   -0.000918283      0.0554896
21             21       0.467501       0.291564      0.0545578      0.0567104
21             22     0.00128598       0.273783    0.000562086      0.0525203
21             23    -0.00549686       0.285521      0.0012852      0.0528592
21             24     0.00793952       0.272923     0.00117617      0.0556907
21             25      0.0122282       0.284501      0.0008008      0.0515902
21             26    -0.00352426       0.290532    -0.00374234      0.0524845
21             27     0.00883485       0.283812     0.00566527      0.0526169
21             28     0.00820871       0.275806    -0.00257948      0.0519778
21             29   -0.000837153       0.285517     0.00238889      0.0528344
21             30    -0.00665026       0.279077     0.00268212      0.0511168
21             31    0.000956965       0.278017     -0.0013411      0.0536316

22              0     -0.0062361       0.265914    0.000140207       0.044814
22              1      0.0205622       0.286764    0.000182925      0.0438037
22              2     -0.0171019       0.283275      0.0046953      0.0446275
22              3     0.00265935       0.285781    0.000282725      0.0462204
22              4     -0.0130226       0.277943    0.000666543      0.0480793
22              5      0.0232989       0.272667     0.00239754      0.0476793
22              6      0.0208605       0.274216     0.00273883      0.0465563
22              7    -0.00270938       0.277347     0.00222739      0.0464244
22              8    -0.00440405       0.277839    0.000532617      0.0440511
22              9    -0.00529439       0.292939     0.00189399      0.0444492
22             10      0.0120735       0.280478     0.00241726      0.0482608
22             11      0.0105602       0.278086     0.00280171      0.0470391
22             12     0.00034797       0.273256    -0.00246578      0.0483975
22             13    -0.00493454        0.27955    -0.00428067      0.0476545
22             14     -0.0230248       0.269153     0.00167298      0.0453183
22             15    -0.00121363       0.279334    0.000101333      0.0509567
22             16    -0.00821811       0.291017    0.000580326      0.0479047
22             17       0.028866       0.277737     0.00514685      0.0507386
22             18      -0.002164       0.283578     0.00113022      0.0482315
22             19    -0.00308119       0.275663   -0.000859776      0.0535184
22             20     -0.0243893       0.284561   -0.000226538      0.0559582
22             21     0.00128598       0.273783    0.000562086      0.0525203
22             22       0.473389       0.290612      0.0506783      0.0550795
22             23     -0.0108317       0.274273   -0.000228909       0.050576
22             24     0.00650671       0.274021    -0.00660521      0.0552828
22             25      -0.023604       0.288478     0.00251056       0.048955
22             26     -0.0253605        0.28469     0.00230309      0.0503537
22             27    -0.00348326       0.283578    -0.00200091      0.0523783
22             28     0.00560194       0.279961    -0.00068539      0.0489738
22             29    -0.00547235       0.294427     0.00407817      0.0514878
22             30       0.011804       0.287349    0.000312129      0.0498487
22             31      -0.017827       0.268842    0.000870332      0.0499015

23              0      0.0161354       0.280563    0.000180985      0.0479427
23              1    -0.00684699       0.295122    0.000784197       0.045352
23              2     -0.0122549       0.300266     0.00027888      0.0484195
23              3     0.00102566       0.280983     0.00179222      0.0473957
23              4     0.00719417        0.28137    -0.00058984      0.0478547
23              5     -0.0353045       0.274674    0.000559573      0.0503453
23              6     -0.0288993        0.28061    -0.00105955      0.0472631
23              7     0.00632374       0.279568     0.00181732       0.050671
23              8      0.0264124       0.284058     0.00122343      0.0462228
23              9     0.00366187       0.292713    0.000208323      0.0465551
23             10    -0.00180357       0.284837     0.00137283      0.0477315
23             11     -0.0168292       0.281315   -0.000897981      0.0515049
23             12     0.00139939        0.28361     0.00321464      0.0483017
23             13     -0.0198937       0.282431     0.00163298      0.0496204
23             14    -0.00971051       0.273041    0.000755686      0.0472191
23             15     -0.0121212       0.270502   -0.000706521      0.0506912
23             16     0.00285264       0.283426    -0.00366585      0.0515706
23             17     0.00385971       0.287872     -0.0028626      0.0548949
23             18     0.00276846       0.275458      0.0019106      0.0535109
23             19     -0.0229781       0.279881    0.000285104      0.0552582
23             20      0.0121819       0.290816     0.00153407      0.0559185
23             21    -0.00549686       0.285521      0.0012852      0.0528592
23             22     -0.0108317       0.274273   -0.000228909       0.050576
23             23       0.484895       0.289817      0.0548519      0.0558151
23             24      0.0100478       0.284184    0.000252719      0.0588292
23             25     0.00829789       0.298251     0.00244955      0.0528825
23             26     0.00593437       0.298056   -9.28727e-05      0.0508758
23             27     -0.0127196       0.280688    0.000935249      0.0546101
23             28     -0.0105699       0.279256    -0.00181922      0.0504392
23             29    -0.00631613       0.286612     0.00240357      0.0526663
23             30    -0.00753959        0.29807     0.00231024      0.0492553
23             31     -0.0153014       0.289949    -0.00118774      0.0533161

24              0     0.00847468       0.270063    0.000851506      0.0484911
24              1     0.00735215       0.287683     0.00111709      0.0455738
24              2     0.00248824       0.280153     0.00023168       0.049409
24              3     0.00293784        0.27619    -0.00178257      0.0462762
24              4     0.00747621       0.282506    0.000254415      0.0522334
24              5    -0.00943747       0.277836    0.000763033      0.0512708
24              6    6.88959e-07       0.264012    -0.00252445      0.0508769
24              7     -0.0130036       0.277198     0.00221731      0.0498844
24              8       0.028405        0.28032    -0.00293999      0.0461092
24              9     0.00391514       0.278539    -0.00376562      0.0510712
24             10     0.00440558       0.262782    0.000928419      0.0487553
24             11     0.00717428       0.274834    -0.00163581      0.0522793
24             12    0.000785434       0.289896     0.00330643      0.0521914
24             13     -0.0208393        0.26948    0.000219149      0.0533327
24             14      0.0152018       0.269144    0.000960272      0.0500934
24             15      0.0033653       0.273514    -0.00183044      0.0517123
24             16      0.0191952       0.271793    -0.00383959      0.0526508
24             17    -0.00144996       0.282646    0.000633592      0.0545276
24             18      0.0274179       0.286929       0.001826      0.0559191
24             19     0.00727207       0.270982     0.00136372      0.0581453
24             20       0.021408       0.294926     0.00207567      0.0571587
24             21     0.00793952       0.272923     0.00117617      0.0556907
24             22     0.00650671       0.274021    -0.00660521      0.0552828
24             23      0.0100478       0.284184    0.000252719      0.0588292
24             24       0.465649       0.283804      0.0584778      0.0585105
24             25    -0.00411431       0.282062    -0.00415993      0.0536463
24             26   -0.000549917       0.291996     -0.0019997      0.0542119
24             27    -0.00478296       0.280734   -0.000303603      0.0579579
24             28    -0.00646217       0.274681     0.00252915      0.0539144
24             29      0.0156024       0.289506    -0.00347517      0.0541997
24             30     0.00679374       0.295132      0.0011052      0.0524478
24             31     0.00920235       0.262151     -0.0014236      0.0550568

25              0     -0.0105812       0.282032     -0.0015846      0.0459542
25              1      0.0122481       0.291784     0.00127919      0.0417078
25              2   -0.000347618       0.286846    -0.00208176      0.0478073
25              3    -0.00558773        0.29065     0.00102578      0.0409995
25              4     0.00210873       0.297843     0.00294723      0.0454968
25              5    -0.00132712       0.286188    -0.00238622      0.0492399
25              6     -0.0138739       0.287574     0.00517789      0.0476875
25              7      0.0116196       0.301904   -0.000745894       0.046192
25              8     0.00239735        0.29544     0.00462719      0.0434946
25              9     -0.0046187       0.307995     0.00108853      0.0441978
25             10    -0.00473546       0.295996     0.00262688       0.046245
25             11     -0.0200734       0.294374     0.00238293      0.0470665
25             12    -0.00472992       0.293889    -0.00229861      0.0489355
25             13     0.00943067       0.286335    -0.00157723      0.0467746
25             14    0.000793937       0.292759   -0.000182323      0.0435069
25             15    -0.00878517       0.305019     0.00174746      0.0473502
25             16      0.0211789        0.30837    -0.00115754      0.0467467
25             17      -0.012576        0.29473    0.000932204      0.0520824
25             18     0.00550549       0.298685    0.000841759      0.0509474
25             19     -0.0110434       0.291143     0.00123164      0.0512082
25             20    -0.00159145       0.293477    -0.00349218      0.0518839
25             21      0.0122282       0.284501      0.0008008      0.0515902
25             22      -0.023604       0.288478     0.00251056       0.048955
25             23     0.00829789       0.298251     0.00244955      0.0528825
25             24    -0.00411431       0.282062    -0.00415993      0.0536463
25             25       0.511558       0.288374       0.049671      0.0525253
25             26   -0.000621849       0.290872     0.00367494      0.0491545
25             27    0.000336714       0.280926    -0.00356243         0.0482
25             28     -0.0123387       0.288109     0.00135246      0.0497764
25             29      0.0102726       0.288156     0.00393157      0.0481449
25             30     0.00209385       0.288401    0.000208942      0.0479098
25             31     -0.0126947       0.281228    -0.00107083      0.0523411

26              0     0.00614798       0.278251     0.00026928      0.0453332
26              1    0.000186418        0.27781    -0.00178343      0.0420088
26              2     0.00168362       0.297427    0.000645112      0.0459953
26              3    -0.00675944        0.28701     -0.0003864      0.0463536
26              4    0.000112296       0.288948    -0.00209652      0.0475371
26              5   -0.000388072       0.289456    0.000937743      0.0473575
26              6      0.0205334       0.279623    -0.00636384      0.0485144
26              7     -0.0117131       0.286323   -0.000633525      0.0460094
26              8      -0.015519       0.268721     0.00180601       0.042309
26              9      0.0189588       0.293708    -0.00109989      0.0437655
26             10      0.0187815       0.285446    -0.00244525      0.0473946
26             11      0.0281101       0.284487   -4.18461e-05      0.0467489
26             12     -0.0138767       0.279269    -0.00302487       0.046521
26             13     -0.0110936       0.278935      0.0021588      0.0455214
26             14      0.0044725       0.277171    0.000524044      0.0461924
26             15     0.00188064       0.298724     0.00214233      0.0463898
26             16      0.0103425       0.294047    -0.00101594      0.0477217
26             17    -0.00264149       0.293388    -0.00219985      0.0505772
26             18    -0.00723934        0.29723      0.0019202      0.0499492
26             19     -0.0120211       0.280432    -0.00109386      0.0508576
26             20      0.0219145       0.304209     0.00388811      0.0521866
26             21    -0.00352426       0.290532    -0.00374234      0.0524845
26             22     -0.0253605        0.28469     0.00230309      0.0503537
26             23     0.00593437       0.298056   -9.28727e-05      0.0508758
26             24   -0.000549917       0.291996     -0.0019997      0.0542119
26             25   -0.000621849       0.290872     0.00367494      0.0491545
26             26       0.494188       0.289154      0.0488033      0.0541031
26             27     0.00502696       0.271119    -0.00281538      0.0523314
26             28     0.00191675       0.298267     0.00281377       0.049835
26             29      0.0129519       0.283099     0.00288226      0.0485914
26             30     0.00618992       0.284234   -0.000598762      0.0477521
26             31   -0.000570083       0.281244   -3.51423e-05      0.0514892

27              0    -0.00588097       0.275553   -0.000393676      0.0468774
27              1     -0.0267946       0.293615     0.00163632      0.0455699
27              2     -0.0125478       0.277581    -0.00116242      0.0446211
27              3     0.00227006       0.282389     0.00297949      0.0489313
27              4     0.00247971       0.281259     0.00198033      0.0522256
27              5    -0.00491069        0.26962    -0.00330546      0.0498194
27              6     0.00807701       0.282509    -0.00389117      0.0507089
27              7     -0.0222736       0.295201    8.32566e-05      0.0482242
27              8      0.0138863       0.278133   -0.000669038      0.0484578
27              9    -0.00109575       0.289891   -0.000658031      0.0459121
27             10     -0.0108078       0.282472     0.00369208      0.0478628
27             11      0.0082659       0.275799    -0.00180435      0.0480183
27             12    -0.00497212       0.277538    0.000202192      0.0502034
27             13     -0.0202924       0.285533     0.00166604      0.0482722
27             14    -0.00988641       0.275794    0.000963684      0.0453538
27             15    -0.00367548       0.281366    -0.00124092      0.0491882
27             16     -0.0133511       0.297532     0.00216906      0.0491291
27             17    -0.00693686        0.28856   -0.000299062      0.0537766
27             18     0.00561917       0.283663    -0.00244506      0.0527708
27             19     0.00381369       0.271931     0.00102579      0.0531041
27             20    -0.00662616       0.287508     0.00175785      0.0563243
27             21     0.00883485       0.283812     0.00566527      0.0526169
27             22    -0.00348326       0.283578    -0.00200091      0.0523783
27             23     -0.0127196       0.280688    0.000935249      0.0546101
27             24    -0.00478296       0.280734   -0.000303603      0.0579579
27             25    0.000336714       0.280926    -0.00356243         0.0482
27             26     0.00502696       0.271119    -0.00281538      0.0523314
27             27       0.477756       0.290407      0.0534759      0.0581021
27             28     0.00588933       0.282964    0.000547807      0.0500015
27             29      0.0305569       0.283601   -0.000559607      0.0544469
27             30      0.0157616       0.287005    -0.00225718      0.0526963
27             31     -0.0174001       0.279426    -0.00240364      0.0534338

28              0    -0.00461903        0.26725    -0.00155323      0.0450793
28              1     -0.0136593       0.279529     0.00251942      0.0430311
28              2      0.0170775       0.301498     0.00407663      0.0463287
28              3     0.00241808       0.273876    -0.00386879      0.0454122
28              4      -0.015529       0.269459   -5.34548e-05      0.0474654
28              5     0.00542136       0.274638    -0.00311892       0.048475
28              6     -0.0166528       0.279543     3.7426e-05       0.048681
28              7      0.0236722       0.291105     0.00231999      0.0458466
28              8    -0.00881557       0.285408   -0.000352845      0.0439832
28              9     -0.0122322       0.290467    -0.00022015      0.0442593
28             10     0.00425227        0.27879    0.000151534      0.0454591
28             11     0.00289455       0.284896    -0.00126874      0.0497584
28             12       0.017714       0.280555    -0.00294816       0.047183
28             13    -0.00386664       0.284331    -0.00181656      0.0469125
28             14    -0.00587791       0.270823    0.000866204      0.0454174
28             15     -0.0166368       0.284904    -0.00211897      0.0469582
28             16    0.000428533       0.291044    0.000269073      0.0479927
28             17      -0.016407        0.28634   -0.000203857      0.0518308
28             18     0.00376828       0.283351     0.00331936      0.0511625
28             19     -0.0112438       0.286682    0.000102989      0.0536725
28             20    -0.00235047       0.301085      0.0010473      0.0513931
28             21     0.00820871       0.275806    -0.00257948      0.0519778
28             22     0.00560194       0.279961    -0.00068539      0.0489738
28             23     -0.0105699       0.279256    -0.00181922      0.0504392
28             24    -0.00646217       0.274681     0.00252915      0.0539144
28             25     -0.0123387       0.288109     0.00135246      0.0497764
28             26     0.00191675       0.298267     0.00281377       0.049835
28             27     0.00588933       0.282964    0.000547807      0.0500015
28             28       0.480555       0.293253      0.0495793      0.0533101
28             29    -0.00489099       0.297303     0.00235709      0.0484604
28             30    -0.00854465       0.288932     0.00147912      0.0473834
28             31     0.00731479       0.291917    7.42049e-06      0.0527167

29              0     -0.0183036       0.287414    0.000146738      0.0466921
29              1     0.00612324       0.298516    0.000842749       0.043768
29              2    -0.00696701        0.28412    0.000762701      0.0478367
29              3      0.0227982       0.290037   -0.000519275      0.0461997
29              4     -0.0052798       0.298794     0.00194434      0.0465817
29              5     0.00159351       0.288826     0.00100947      0.0466016
29              6      0.0127256       0.278614     0.00123642      0.0491196
29              7     -0.0254853       0.298859   -0.000844342      0.0466439
29              8     -0.0147158       0.295904     0.00109126      0.0475628
29              9      0.0144687       0.289577     0.00245736      0.0434177
29             10      0.0177289        0.29447     0.00178625      0.0485768
29             11      0.0255901       0.284868   -0.000649466      0.0493009
29             12      0.0024282       0.282958   -0.000512015      0.0491635
29             13    -0.00537694        0.29169   -0.000139278      0.0464891
29             14      0.0127235       0.281506    0.000869396      0.0457066
29             15     0.00330049       0.286483   -0.000109088      0.0471523
29             16      0.0134534       0.293533    0.000639145      0.0477416
29             17      0.0109095       0.296409     0.00124066      0.0538208
29             18    -0.00172456       0.294545    -0.00339736      0.0522508
29             19      0.0189573       0.282335    -0.00107593      0.0541542
29             20     -0.0081268       0.296032    -0.00192725      0.0551477
29             21   -0.000837153       0.285517     0.00238889      0.0528344
29             22    -0.00547235       0.294427     0.00407817      0.0514878
29             23    -0.00631613       0.286612     0.00240357      0.0526663
29             24      0.0156024       0.289506    -0.00347517      0.0541997
29             25      0.0102726       0.288156     0.00393157      0.0481449
29             26      0.0129519       0.283099     0.00288226      0.0485914
29             27      0.0305569       0.283601   -0.000559607      0.0544469
29             28    -0.00489099       0.297303     0.00235709      0.0484604
29             29       0.507439       0.289854      0.0511717      0.0523723
29             30     -0.0208788       0.295865     0.00124449       0.048391
29             31     -0.0144645       0.285355    -0.00136266       0.053445

30              0    -0.00627029       0.282018    -0.00348496      0.0428651
30              1     0.00973651       0.297464   -0.000241694      0.0441485
30              2    -0.00535156        0.29999     0.00147578      0.0464659
30              3    -0.00798447       0.291528    -0.00115439      0.0456638
30              4    -0.00154828        0.28875   -0.000908625      0.0476671
30              5     -0.0118495       0.273875     -0.0022656      0.0457503
30              6    -0.00725969       0.285703    -0.00154334      0.0462527
30              7     -0.0256455       0.291799    -0.00175538      0.0452719
30              8      0.0166235       0.285674    -0.00169256      0.0426606
30              9      0.0284488       0.287587   -0.000284686      0.0440285
30             10     0.00329162        0.28706    0.000341816      0.0450761
30             11    -0.00514255       0.287601   -0.000121497        0.04849
30             12     -0.0156066       0.290151    0.000719632      0.0468276
30             13     -0.0143106       0.285556   -0.000539298      0.0447849
30             14      0.0117666       0.280992    -0.00238301      0.0447574
30             15     -0.0190796       0.286432    -0.00163099      0.0451842
30             16     -0.0127369       0.305085    -0.00222273      0.0470088
30             17    -0.00801683       0.296675     0.00248652      0.0504589
30             18     0.00444714       0.285237     0.00311437       0.048827
30             19      0.0199131       0.293425     0.00223667      0.0530575
30             20     -0.0156103       0.293277   -0.000522281      0.0518012
30             21    -0.00665026       0.279077     0.00268212      0.0511168
30             22       0.011804       0.287349    0.000312129      0.0498487
30             23    -0.00753959        0.29807     0.00231024      0.0492553
30             24     0.00679374       0.295132      0.0011052      0.0524478
30             25     0.00209385       0.288401    0.000208942      0.0479098
30             26     0.00618992       0.284234   -0.000598762      0.0477521
30             27      0.0157616       0.287005    -0.00225718      0.0526963
30             28    -0.00854465       0.288932     0.00147912      0.0473834
30             29     -0.0208788       0.295865     0.00124449       0.048391
30             30       0.512079       0.286131      0.0482411      0.0515792
30             31     -0.0036517       0.277626    -0.00316944      0.0511015

31              0      0.0036512       0.291587     0.00167613      0.0484347
31              1      0.0103971       0.282418    0.000197102      0.0434428
31              2     0.00679323       0.286028     0.00333206      0.0443028
31              3      0.0115567        0.27917    0.000207271      0.0473021
31              4    -0.00520488       0.279427   -0.000762306      0.0482018
31              5     0.00952748       0.274436     0.00196468       0.051525
31              6     -0.0103434       0.273182   -0.000111348       0.047247
31              7    -0.00436478       0.284801   -5.11464e-05       0.049249
31              8    -0.00273154        0.28452   -0.000613246      0.0479257
31              9     -0.0182283       0.277748    -0.00406799      0.0453223
31             10     0.00803322       0.286811     0.00168845      0.0492089
31             11    -0.00962868       0.287745    -0.00154728      0.0492378
31             12       0.022317       0.284083    -0.00137756       0.047699
31             13      0.0249141       0.287353     0.00395446      0.0464007
31             14     0.00187619       0.265352   -0.000908793      0.0467389
31             15    -0.00220418       0.276528   -0.000143055       0.049924
31             16     0.00342509       0.287537    0.000878836      0.0498576
31             17     -0.0188798       0.283892      0.0014666      0.0561729
31             18     -0.0144253       0.281077    -0.00148387      0.0535196
31             19    -0.00873261       0.286157      0.0005376      0.0560184
31             20     0.00288181       0.289246   -0.000134197      0.0545349
31             21    0.000956965       0.278017     -0.0013411      0.0536316
31             22      -0.017827       0.268842    0.000870332      0.0499015
31             23     -0.0153014       0.289949    -0.00118774      0.0533161
31             24     0.00920235       0.262151     -0.0014236      0.0550568
31             25     -0.0126947       0.281228    -0.00107083      0.0523411
31             26   -0.000570083       0.281244   -3.51423e-05      0.0514892
31             27     -0.0174001       0.279426    -0.00240364      0.0534338
31             28     0.00731479       0.291917    7.42049e-06      0.0527167
31             29     -0.0144645       0.285355    -0.00136266       0.053445
31             30     -0.0036517       0.277626    -0.00316944      0.0511015
31             31       0.482479       0.288459      0.0534694      0.0554254

